# 1:kx	2:idx(k)	3:n	4:E_lower	5:is_lower	6:E_upper	7:is_upper
0	0	0	-2.13423	0	-2.36869	1	1
0	0	1	-1.82799	1	-1.96875	0	1
0	0	2	-5.0296e-16	0	-1.64074	0	1
0	0	3	1.58101	1	0.0922372	0	1
0	0	4	2.13423	1	1.70566	0	1
0	0	5	2.24698	0	2.37835	1	1
0.0448799	1	0	-2.13935	1	-2.36101	1	0.761796
0.0448799	1	1	-1.82387	0	-1.97007	0	1.23481
0.0448799	1	2	-0.00152819	0	-1.64756	0	1.19402
0.0448799	1	3	1.58294	0	0.0813243	0	1.05581
0.0448799	1	4	2.12742	0	1.70782	0	1.42909
0.0448799	1	5	2.25236	1	2.35045	1	0.59007
0.0897598	2	0	-2.15372	1	-2.35188	1	0.590179
0.0897598	2	1	-1.81248	0	-1.97823	0	1.49915
0.0897598	2	2	-0.00600813	0	-1.64801	0	1.42513
0.0897598	2	3	1.58857	0	0.0697064	0	1.11887
0.0897598	2	4	2.1101	0	1.71475	0	1.86926
0.0897598	2	5	2.26549	1	2.32119	1	0.3792
0.13464	3	0	-2.17516	1	-2.34107	1	0.469673
0.13464	3	1	-1.79615	0	-1.99302	0	1.77148
0.13464	3	2	-0.0131379	0	-1.64259	0	1.69966
0.13464	3	3	1.59739	0	0.057567	0	1.19462
0.13464	3	4	2.08721	0	1.72601	0	2.20359
0.13464	3	5	2.28174	1	2.291	1	0.268625
0.17952	4	0	-2.20128	1	-2.32849	1	0.384985
0.17952	4	1	-1.77742	0	-2.01312	0	2.03178
0.17952	4	2	-0.0224527	0	-1.6329	0	2.02488
0.17952	4	3	1.60857	0	0.0452831	0	1.29013
0.17952	4	4	2.06204	0	1.74089	0	2.37698
0.17952	4	5	2.2984	1	2.26041	1	0.205883
0.224399	5	0	-2.23017	1	-2.31418	1	0.324545
0.224399	5	1	-1.75845	0	-2.03673	0	2.26528
0.224399	5	2	-0.0333761	0	-1.62093	0	2.40906
0.224399	5	3	1.62093	0	0.0333761	0	1.41482
0.224399	5	4	2.03673	0	1.75845	0	2.37995
0.224399	5	5	2.31418	1	2.23017	1	0.167682
0.269279	6	0	-2.26041	1	-2.2984	1	0.280548
0.269279	6	1	-1.74089	0	-2.06204	0	2.46255
0.269279	6	2	-0.0452831	0	-1.60857	0	2.86158
0.269279	6	3	1.6329	0	0.0224527	0	1.58109
0.269279	6	4	2.01312	0	1.77742	0	2.23218
0.269279	6	5	2.32849	1	2.20128	1	0.143323
0.314159	7	0	-2.291	1	-2.28174	1	0.247923
0.314159	7	1	-1.72601	0	-2.08721	0	2.61852
0.314159	7	2	-0.057567	0	-1.59739	0	3.39302
0.314159	7	3	1.64259	0	0.0131379	0	1.80418
0.314159	7	4	1.99302	0	1.79615	0	1.9736
0.314159	7	5	2.34107	1	2.17516	1	0.127498
0.359039	8	0	-2.32119	1	-2.26549	1	0.223386
0.359039	8	1	-1.71475	0	-2.1101	0	2.73143
0.359039	8	2	-0.0697064	0	-1.58857	0	4.01513
0.359039	8	3	1.64801	0	0.00600813	0	2.09924
0.359039	8	4	1.97823	0	1.81248	0	1.6564
0.359039	8	5	2.35188	1	2.15372	1	0.117389
0.403919	9	0	-2.35045	1	-2.25236	1	0.20478
0.403919	9	1	-1.70782	0	-2.12742	0	2.80206
0.403919	9	2	-0.0813243	0	-1.58294	0	4.7408
0.403919	9	3	1.64756	0	0.00152819	0	2.47388
0.403919	9	4	1.97007	0	1.82387	0	1.33357
0.403919	9	5	2.36101	1	2.13935	1	0.111427
0.448799	10	0	-2.37835	1	-2.24698	1	0.190665
0.448799	10	1	-1.70566	0	-2.13423	0	2.83298
0.448799	10	2	-0.0922372	0	-1.58101	0	5.58375
0.448799	10	3	1.64074	0	6.79781e-17	1	2.91823
0.448799	10	4	1.96875	0	1.82799	0	1.04497
0.448799	10	5	2.36869	1	2.13423	1	0.108727
0.493679	11	0	-2.40457	1	-2.25236	0	0.180067
0.493679	11	1	-1.70851	0	-2.12742	1	2.828
0.493679	11	2	-0.102486	0	-1.58294	1	6.55824
0.493679	11	3	1.62837	0	0.00152819	1	3.40058
0.493679	11	4	1.9731	1	1.82387	1	0.809285
0.493679	11	5	2.3753	1	2.13935	0	0.108804
0.538559	12	0	-2.42886	1	-2.26549	0	0.172321
0.538559	12	1	-1.71642	0	-2.1101	1	2.79164
0.538559	12	2	-0.112345	0	-1.58857	1	7.67852
0.538559	12	3	1.61225	0	0.00600813	1	3.87433
0.538559	12	4	1.98098	1	1.81248	1	0.627205
0.538559	12	5	2.3813	1	2.15372	0	0.111408
0.583439	13	0	-2.45102	1	-2.28174	0	0.166978
0.583439	13	1	-1.72922	0	-2.08721	1	2.72867
0.583439	13	2	-0.122308	0	-1.59739	1	8.95807
0.583439	13	3	1.59444	0	0.0131379	1	4.2903
0.583439	13	4	1.98996	1	1.79615	1	0.490483
0.583439	13	5	2.38729	1	2.17516	0	0.11643
0.628319	14	0	-2.47089	1	-2.2984	0	0.163741
0.628319	14	1	-1.74658	0	-2.06204	1	2.64376
0.628319	14	2	-0.133049	0	-1.60857	1	10.4086
0.628319	14	3	1.57686	0	0.0224527	1	4.60671
0.628319	14	4	1.99777	1	1.77742	1	0.389121
0.628319	14	5	2.39392	1	2.20128	0	0.123809
0.673198	15	0	-2.48836	1	-2.31418	0	0.162435
0.673198	15	1	-1.76806	0	-2.03673	1	2.54122
0.673198	15	2	-0.145364	0	-1.62093	1	12.0387
0.673198	15	3	1.5611	0	0.0333761	1	4.79409
0.673198	15	4	2.00255	1	1.75845	1	0.314492
0.673198	15	5	2.4018	1	2.23017	0	0.133469
0.718078	16	0	-2.50336	1	-2.32849	0	0.162981
0.718078	16	1	-1.79309	0	-2.01312	1	2.42488
0.718078	16	2	-0.160097	0	-1.6329	1	13.8523
0.718078	16	3	1.54842	0	0.0452831	1	4.83677
0.718078	16	4	2.00288	1	1.74089	1	0.259989
0.718078	16	5	2.41139	1	2.26041	0	0.145258
0.762958	17	0	-2.51585	1	-2.34107	0	0.165388
0.762958	17	1	-1.82105	0	-1.99302	1	2.29804
0.762958	17	2	-0.178062	0	-1.64259	1	15.8463
0.762958	17	3	1.53978	0	0.057567	1	4.73218
0.762958	17	4	1.99789	1	1.72601	1	0.220762
0.762958	17	5	2.42288	1	2.291	0	0.158938
0.807838	18	0	-2.52582	1	-2.35188	0	0.169748
0.807838	18	1	-1.85129	0	-1.97823	1	2.16346
0.807838	18	2	-0.199971	0	-1.64801	1	18.0088
0.807838	18	3	1.53585	0	0.0697064	1	4.48904
0.807838	18	4	1.9872	1	1.71475	1	0.193338
0.807838	18	5	2.43616	1	2.32119	0	0.174217
0.852718	19	0	-2.53333	1	-2.36101	0	0.176247
0.852718	19	1	-1.88312	0	-1.97007	1	2.02346
0.852718	19	2	-0.226377	0	-1.64756	1	20.3171
0.852718	19	3	1.53698	0	0.0813243	1	4.12469
0.852718	19	4	1.97084	1	1.70782	1	0.175356
0.852718	19	5	2.45089	1	2.35045	0	0.190815
0.897598	20	0	-2.53845	1	-2.36869	0	0.185174
0.897598	20	1	-1.91584	0	-1.96875	1	1.88002
0.897598	20	2	-0.257633	0	-1.64074	1	22.7358
0.897598	20	3	1.54323	0	0.0922372	1	3.66238
0.897598	20	4	1.94915	1	1.70566	1	0.165439
0.897598	20	5	2.46652	1	2.37835	0	0.208519
0.942478	21	0	-2.54134	1	-2.3753	0	0.196946
0.942478	21	1	-1.94876	0	-1.9731	0	1.73487
0.942478	21	2	-0.293887	0	-1.62837	1	25.2168
0.942478	21	3	1.55437	0	0.102486	1	3.12863
0.942478	21	4	1.9227	1	1.70851	1	0.163263
0.942478	21	5	2.48249	1	2.40457	0	0.227224
0.987358	22	0	-2.54219	1	-2.3813	0	0.212136
0.987358	22	1	-1.98118	0	-1.98098	0	1.58959
0.987358	22	2	-0.33509	0	-1.61225	1	27.6994
0.987358	22	3	1.56976	0	0.112345	1	2.55146
0.987358	22	4	1.89225	1	1.71642	1	0.169926
0.987358	22	5	2.49824	1	2.42886	0	0.246935
1.03224	23	0	-2.5413	1	-2.38729	0	0.231516
1.03224	23	1	-2.01235	0	-1.98996	0	1.44573
1.03224	23	2	-0.381029	0	-1.59444	1	30.1126
1.03224	23	3	1.58826	0	0.122308	1	1.95982
1.03224	23	4	1.85895	1	1.72922	1	0.189066
1.03224	23	5	2.51327	1	2.45102	0	0.267766
1.07712	24	0	-2.53904	1	-2.39392	0	0.256101
1.07712	24	1	-2.04153	0	-1.99777	0	1.30492
1.07712	24	2	-0.431364	0	-1.57686	1	32.378
1.07712	24	3	1.60766	0	0.133049	1	1.38583
1.07712	24	4	1.82483	1	1.74658	1	0.230016
1.07712	24	5	2.52717	1	2.47089	0	0.289926
1.122	25	0	-2.53589	1	-2.4018	0	0.287189
1.122	25	1	-2.06788	0	-2.00255	0	1.16894
1.122	25	2	-0.485665	0	-1.5611	1	34.4132
1.122	25	3	1.62324	1	0.145364	1	0.872652
1.122	25	4	1.79436	1	1.76806	1	0.316184
1.122	25	5	2.5396	1	2.48836	0	0.313713
1.16688	26	0	-2.53245	1	-2.41139	0	0.326378
1.16688	26	1	-2.09056	0	-2.00288	0	1.03978
1.16688	26	2	-0.543455	0	-1.54842	1	36.137
1.16688	26	3	1.62525	1	0.160097	1	0.484769
1.16688	26	4	1.77695	1	1.79309	1	0.495438
1.16688	26	5	2.55031	1	2.50336	0	0.339516
1.21176	27	0	-2.52937	1	-2.42288	0	0.375506
1.21176	27	1	-2.10866	1	-1.99789	0	0.91961
1.21176	27	2	-0.604229	0	-1.53978	1	37.473
1.21176	27	3	1.6044	1	0.178062	1	0.263952
1.21176	27	4	1.78151	1	1.82105	1	0.795972
1.21176	27	5	2.5591	1	2.51585	0	0.367822
1.25664	28	0	-2.52735	1	-2.43616	0	0.436479
1.25664	28	1	-2.12134	1	-1.9872	0	0.810605
1.25664	28	2	-0.667485	0	-1.53585	1	38.3545
1.25664	28	3	1.56492	1	0.199971	1	0.159604
1.25664	28	4	1.80345	0	1.85129	1	1.15646
1.25664	28	5	2.56584	1	2.52582	0	0.399243
1.30152	29	0	-2.52697	1	-2.45089	0	0.510957
1.30152	29	1	-2.12788	1	-1.97084	0	0.71468
1.30152	29	2	-0.73273	0	-1.53698	1	38.7281
1.30152	29	3	1.51521	1	0.226377	1	0.108108
1.30152	29	4	1.83396	0	1.88312	1	1.5052
1.30152	29	5	2.57047	1	2.53333	0	0.434537
1.3464	30	0	-2.52857	1	-2.46652	0	0.599972
1.3464	30	1	-2.12785	1	-1.94915	0	0.63311
1.3464	30	2	-0.79949	0	-1.54323	1	38.557
1.3464	30	3	1.45972	1	0.257633	1	0.0796185
1.3464	30	4	1.86827	0	1.91584	1	1.80671
1.3464	30	5	2.57296	1	2.53845	0	0.47466
1.39128	31	0	-2.53217	1	-2.48249	0	0.703657
1.39128	31	1	-2.12122	1	-1.9227	0	0.566277
1.39128	31	2	-0.867316	0	-1.55437	1	37.8233
1.39128	31	3	1.40042	1	0.293887	1	0.0622703
1.39128	31	4	1.90402	0	1.94876	1	2.04586
1.39128	31	5	2.57338	1	2.54134	0	0.520828
1.43616	32	0	-2.53746	1	-2.49824	0	0.821248
1.43616	32	1	-2.10832	1	-1.89225	0	0.513694
1.43616	32	2	-0.935783	0	-1.56976	1	36.5295
1.43616	32	3	1.33834	1	0.33509	1	0.0509507
1.43616	32	4	1.93986	0	1.98118	1	2.2165
1.43616	32	5	2.57183	1	2.54219	0	0.574592
1.48104	33	0	-2.54389	1	-2.51327	0	0.951367
1.48104	33	1	-2.08976	1	-1.85895	0	0.474316
1.48104	33	2	-1.00449	0	-1.58826	1	34.6988
1.48104	33	3	1.27412	1	0.381029	1	0.0431995
1.48104	33	4	1.97481	0	2.01235	1	2.31739
1.48104	33	5	2.56848	1	2.5413	0	0.637958
1.52592	34	0	-2.5508	0	-2.52717	0	1.09241
1.52592	34	1	-2.06632	1	-1.82483	0	0.446972
1.52592	34	2	-1.07304	0	-1.60766	1	32.3749
1.52592	34	3	1.20823	1	0.431364	1	0.037716
1.52592	34	4	2.00806	0	2.04153	1	2.3507
1.52592	34	5	2.56361	1	2.53904	0	0.713515
1.5708	35	0	-2.55756	0	-2.5396	0	1.24286
1.5708	35	1	-2.03882	1	-1.79436	0	0.430767
1.5708	35	2	-1.14108	0	-1.62324	0	29.6203
1.5708	35	3	1.14108	1	0.485665	1	0.0337606
1.5708	35	4	2.03882	0	2.06788	1	2.32144
1.5708	35	5	2.55756	1	2.53589	0	0.804593
1.61568	36	0	-2.56361	0	-2.55031	0	1.40151
1.61568	36	1	-2.00806	1	-1.77695	0	0.425406
1.61568	36	2	-1.20823	0	-1.62525	0	26.5139
1.61568	36	3	1.07304	1	0.543455	1	0.0308881
1.61568	36	4	2.06632	0	2.09056	1	2.23728
1.61568	36	5	2.5508	1	2.53245	0	0.915408
1.66056	37	0	-2.56848	0	-2.5591	0	1.5675
1.66056	37	1	-1.97481	1	-1.78151	0	0.43152
1.66056	37	2	-1.27412	0	-1.6044	0	23.1484
1.66056	37	3	1.00449	1	0.604229	1	0.0288194
1.66056	37	4	2.08976	0	2.10866	0	2.1083
1.66056	37	5	2.54389	0	2.52937	0	1.05112
1.70544	38	0	-2.57183	0	-2.56584	0	1.74037
1.70544	38	1	-1.93986	1	-1.80345	1	0.451161
1.70544	38	2	-1.33834	0	-1.56492	0	19.6268
1.70544	38	3	0.935783	1	0.667485	1	0.0273751
1.70544	38	4	2.10832	0	2.12134	0	1.94669
1.70544	38	5	2.53746	0	2.52735	0	1.21766
1.75032	39	0	-2.57338	0	-2.57047	0	1.92002
1.75032	39	1	-1.90402	1	-1.83396	1	0.488792
1.75032	39	2	-1.40042	0	-1.51521	0	16.059
1.75032	39	3	0.867316	1	0.73273	1	0.0264387
1.75032	39	4	2.12122	0	2.12788	0	1.76592
1.75032	39	5	2.53217	0	2.52697	0	1.42115
1.7952	40	0	-2.57296	0	-2.57296	0	2.10677
1.7952	40	1	-1.86827	1	-1.86827	1	0.553492
1.7952	40	2	-1.45972	0	-1.45972	0	12.5599
1.7952	40	3	0.79949	1	0.79949	1	0.0259356
1.7952	40	4	2.12785	0	2.12785	0	1.5795
1.7952	40	5	2.52857	0	2.52857	0	1.66674
1.84008	41	0	-2.57047	0	-2.57338	0	2.3013
1.84008	41	1	-1.83396	1	-1.90402	1	0.664366
1.84008	41	2	-1.51521	0	-1.40042	0	9.25
1.84008	41	3	0.73273	1	0.867316	1	0.025821
1.84008	41	4	2.12788	0	2.12122	0	1.39923
1.84008	41	5	2.52697	0	2.53217	0	1.95711
1.88496	42	0	-2.56584	0	-2.57183	0	2.50474
1.88496	42	1	-1.80345	1	-1.93986	1	0.864708
1.88496	42	2	-1.56492	0	-1.33834	0	6.26551
1.88496	42	3	0.667485	1	0.935783	1	0.0260726
1.88496	42	4	2.12134	0	2.10832	0	1.23365
1.88496	42	5	2.52735	0	2.53746	0	2.29106
1.92984	43	0	-2.5591	0	-2.56848	0	2.7187
1.92984	43	1	-1.78151	0	-1.97481	1	1.25633
1.92984	43	2	-1.6044	0	-1.27412	0	3.78857
1.92984	43	3	0.604229	1	1.00449	1	0.0266859
1.92984	43	4	2.10866	0	2.08976	0	1.08742
1.92984	43	5	2.52937	0	2.54389	0	2.66308
1.97472	44	0	-2.55031	0	-2.56361	0	2.94537
1.97472	44	1	-1.77695	0	-2.00806	1	2.01842
1.97472	44	2	-1.62525	0	-1.20823	0	2.06284
1.97472	44	3	0.543455	1	1.07304	1	0.0276725
1.97472	44	4	2.09056	1	2.06632	0	0.961738
1.97472	44	5	2.53245	0	2.5508	1	3.06393
2.0196	45	0	-2.5396	0	-2.55756	0	3.18762
2.0196	45	1	-1.79436	0	-2.03882	1	3.16272
2.0196	45	2	-1.62324	0	-1.14108	0	1.14593
2.0196	45	3	0.485665	1	1.14108	1	0.0290586
2.0196	45	4	2.06788	1	2.03882	0	0.855476
2.0196	45	5	2.53589	0	2.55756	1	3.48202
2.06448	46	0	-2.52717	0	-2.5508	0	3.44915
2.06448	46	1	-1.82483	0	-2.06632	1	4.34752
2.06448	46	2	-1.60766	1	-1.07304	0	0.721589
2.06448	46	3	0.431364	1	1.20823	1	0.0308852
2.06448	46	4	2.04153	1	2.00806	0	0.766333
2.06448	46	5	2.53904	0	2.56361	1	3.90471
2.10936	47	0	-2.51327	0	-2.54389	1	3.7346
2.10936	47	1	-1.85895	0	-2.08976	1	5.28917
2.10936	47	2	-1.58826	1	-1.00449	0	0.510251
2.10936	47	3	0.381029	1	1.27412	1	0.0332087
2.10936	47	4	2.01235	1	1.97481	0	0.691694
2.10936	47	5	2.5413	0	2.56848	1	4.31935
2.15423	48	0	-2.49824	0	-2.53746	1	4.04965
2.15423	48	1	-1.89225	0	-2.10832	1	5.8849
2.15423	48	2	-1.56976	1	-0.935783	0	0.391933
2.15423	48	3	0.33509	1	1.33834	1	0.0361019
2.15423	48	4	1.98118	1	1.93986	0	0.629095
2.15423	48	5	2.54219	0	2.57183	1	4.71396
2.19911	49	0	-2.48249	0	-2.53217	1	4.40095
2.19911	49	1	-1.9227	0	-2.12122	1	6.12507
2.19911	49	2	-1.55437	1	-0.867316	0	0.319628
2.19911	49	3	0.293887	1	1.40042	1	0.0396561
2.19911	49	4	1.94876	1	1.90402	0	0.576412
2.19911	49	5	2.54134	0	2.57338	1	5.07754
2.24399	50	0	-2.46652	0	-2.52857	1	4.79572
2.24399	50	1	-1.94915	0	-2.12785	1	6.04453
2.24399	50	2	-1.54323	1	-0.79949	0	0.273047
2.24399	50	3	0.257633	1	1.45972	1	0.0439835
2.24399	50	4	1.91584	1	1.86827	0	0.531908
2.24399	50	5	2.53845	0	2.57296	1	5.40033
2.28887	51	0	-2.45089	0	-2.52697	1	5.24068
2.28887	51	1	-1.97084	0	-2.12788	1	5.7027
2.28887	51	2	-1.53698	1	-0.73273	0	0.242443
2.28887	51	3	0.226377	1	1.51521	1	0.0492196
2.28887	51	4	1.88312	1	1.83396	0	0.494203
2.28887	51	5	2.53333	0	2.57047	1	5.67387
2.33375	52	0	-2.43616	0	-2.52735	1	5.73996
2.33375	52	1	-1.9872	0	-2.12134	1	5.17228
2.33375	52	2	-1.53585	1	-0.667485	0	0.222765
2.33375	52	3	0.199971	1	1.56492	1	0.0555283
2.33375	52	4	1.85129	1	1.80345	0	0.462223
2.33375	52	5	2.52582	0	2.56584	1	5.8911
2.37863	53	0	-2.42288	0	-2.52937	1	6.29177
2.37863	53	1	-1.99789	0	-2.10866	1	4.52977
2.37863	53	2	-1.53978	1	-0.604229	0	0.211319
2.37863	53	3	0.178062	1	1.6044	1	0.0631063
2.37863	53	4	1.82105	1	1.78151	1	0.435154
2.37863	53	5	2.51585	0	2.5591	1	6.04641
2.42351	54	0	-2.41139	0	-2.53245	1	6.8843
2.42351	54	1	-2.00288	0	-2.09056	0	3.84631
2.42351	54	2	-1.54842	1	-0.543455	0	0.20675
2.42351	54	3	0.160097	1	1.62525	1	0.0721903
2.42351	54	4	1.79309	1	1.77695	1	0.412391
2.42351	54	5	2.50336	0	2.55031	1	6.13568
2.46839	55	0	-2.4018	0	-2.53589	1	7.49236
2.46839	55	1	-2.00255	0	-2.06788	0	3.17973
2.46839	55	2	-1.5611	1	-0.485665	0	0.20859
2.46839	55	3	0.145364	1	1.62324	1	0.0830652
2.46839	55	4	1.76806	1	1.79436	1	0.393512
2.46839	55	5	2.48836	0	2.5396	1	6.1563
2.51327	56	0	-2.39392	0	-2.53904	1	8.07693
2.51327	56	1	-1.99777	0	-2.04153	0	2.5699
2.51327	56	2	-1.57686	1	-0.431364	0	0.217075
2.51327	56	3	0.133049	1	1.60766	0	0.0960744
2.51327	56	4	1.74658	1	1.82483	1	0.37825
2.51327	56	5	2.47089	0	2.52717	1	6.1072
2.55815	57	0	-2.38729	0	-2.5413	1	8.58887
2.55815	57	1	-1.98996	0	-2.01235	0	2.03881
2.55815	57	2	-1.59444	1	-0.381029	0	0.233084
2.55815	57	3	0.122308	1	1.58826	0	0.111631
2.55815	57	4	1.72922	1	1.85895	1	0.366479
2.55815	57	5	2.45102	0	2.51327	1	5.98882
2.60303	58	0	-2.3813	0	-2.54219	1	8.97598
2.60303	58	1	-1.98098	0	-1.98118	0	1.59438
2.60303	58	2	-1.61225	1	-0.33509	0	0.258109
2.60303	58	3	0.112345	1	1.56976	0	0.130233
2.60303	58	4	1.71642	1	1.89225	1	0.358212
2.60303	58	5	2.42886	0	2.49824	1	5.80311
2.64791	59	0	-2.3753	0	-2.54134	1	9.19085
2.64791	59	1	-1.9731	0	-1.94876	0	1.23566
2.64791	59	2	-1.62837	1	-0.293887	0	0.294067
2.64791	59	3	0.102486	1	1.55437	0	0.15248
2.64791	59	4	1.70851	1	1.9227	1	0.353607
2.64791	59	5	2.40457	0	2.48249	1	5.55349
2.69279	60	0	-2.36869	0	-2.53845	1	9.19731
2.69279	60	1	-1.96875	1	-1.91584	0	0.956969
2.69279	60	2	-1.64074	1	-0.257633	0	0.342674
2.69279	60	3	0.0922372	1	1.54323	0	0.179091
2.69279	60	4	1.70566	1	1.94915	1	0.352985
2.69279	60	5	2.37835	0	2.46652	1	5.2448
2.73767	61	0	-2.36101	0	-2.53333	1	8.97451
2.73767	61	1	-1.97007	1	-1.88312	0	0.749867
2.73767	61	2	-1.64756	1	-0.226377	0	0.404223
2.73767	61	3	0.0813243	1	1.53698	0	0.210935
2.73767	61	4	1.70782	1	1.97084	1	0.35688
2.73767	61	5	2.35045	0	2.45089	1	4.8833
2.78255	62	0	-2.35188	0	-2.52582	1	8.51871
2.78255	62	1	-1.97823	1	-1.85129	0	0.603717
2.78255	62	2	-1.64801	1	-0.199971	0	0.476364
2.78255	62	3	0.0697064	1	1.53585	0	0.249058
2.78255	62	4	1.71475	1	1.9872	1	0.366108
2.78255	62	5	2.32119	0	2.43616	1	4.47656
2.82743	63	0	-2.34107	0	-2.51585	1	7.84325
2.82743	63	1	-1.99302	1	-1.82105	0	0.506689
2.82743	63	2	-1.64259	1	-0.178062	0	0.554268
2.82743	63	3	0.057567	1	1.53978	0	0.294723
2.82743	63	4	1.72601	1	1.99789	1	0.381896
2.82743	63	5	2.291	0	2.42288	1	4.03351
2.87231	64	0	-2.32849	0	-2.50336	1	6.97726
2.87231	64	1	-2.01312	1	-1.79309	0	0.447992
2.87231	64	2	-1.6329	1	-0.160097	0	0.632475
2.87231	64	3	0.0452831	1	1.54842	0	0.349457
2.87231	64	4	1.74089	1	2.00288	1	0.406083
2.87231	64	5	2.26041	0	2.41139	1	3.56446
2.91719	65	0	-2.31418	0	-2.48836	1	5.96367
2.91719	65	1	-2.03673	1	-1.76806	0	0.420176
2.91719	65	2	-1.62093	1	-0.145364	0	0.706806
2.91719	65	3	0.0333761	1	1.5611	0	0.4151
2.91719	65	4	1.75845	1	2.00255	1	0.441446
2.91719	65	5	2.23017	0	2.4018	1	3.08124
2.96207	66	0	-2.2984	0	-2.47089	1	4.85712
2.96207	66	1	-2.06204	1	-1.74658	0	0.420703
2.96207	66	2	-1.60857	1	-0.133049	0	0.775115
2.96207	66	3	0.0224527	1	1.57686	0	0.493855
2.96207	66	4	1.77742	1	1.99777	1	0.492179
2.96207	66	5	2.20128	0	2.39392	1	2.59751
3.00695	67	0	-2.28174	0	-2.45102	1	3.72267
3.00695	67	1	-2.08721	1	-1.72922	0	0.453805
3.00695	67	2	-1.59739	1	-0.122308	0	0.837086
3.00695	67	3	0.0131379	1	1.59444	0	0.588352
3.00695	67	4	1.79615	1	1.98996	1	0.564501
3.00695	67	5	2.17516	0	2.38729	1	2.12914
3.05183	68	0	-2.26549	0	-2.42886	1	2.63713
3.05183	68	1	-2.1101	1	-1.71642	0	0.53497
3.05183	68	2	-1.58857	1	-0.112345	0	0.893758
3.05183	68	3	0.00600813	1	1.61225	0	0.701692
3.05183	68	4	1.81248	1	1.98098	1	0.667045
3.05183	68	5	2.15372	0	2.3813	1	1.6944
3.09671	69	0	-2.25236	0	-2.40457	1	1.69471
3.09671	69	1	-2.12742	1	-1.70851	0	0.699744
3.09671	69	2	-1.58294	1	-0.102486	0	0.947141
3.09671	69	3	0.00152819	1	1.62837	0	0.837505
3.09671	69	4	1.82387	1	1.9731	1	0.809842
3.09671	69	5	2.13935	0	2.3753	1	1.31269
3.14159	70	0	-2.24698	0	-2.37835	1	1
3.14159	70	1	-2.13423	1	-1.70566	0	1
3.14159	70	2	-1.58101	1	-0.0922372	0	1
3.14159	70	3	6.79781e-17	0	1.64074	0	1
3.14159	70	4	1.82799	1	1.96875	0	1
3.14159	70	5	2.13423	0	2.36869	1	1
3.18647	71	0	-2.25236	1	-2.35045	1	0.59007
3.18647	71	1	-2.12742	0	-1.70782	0	1.42909
3.18647	71	2	-1.58294	0	-0.0813243	0	1.05581
3.18647	71	3	0.00152819	0	1.64756	0	1.19402
3.18647	71	4	1.82387	0	1.97007	0	1.23481
3.18647	71	5	2.13935	1	2.36101	1	0.761796
3.23135	72	0	-2.26549	1	-2.32119	1	0.3792
3.23135	72	1	-2.1101	0	-1.71475	0	1.86926
3.23135	72	2	-1.58857	0	-0.0697064	0	1.11887
3.23135	72	3	0.00600813	0	1.64801	0	1.42513
3.23135	72	4	1.81248	0	1.97823	0	1.49915
3.23135	72	5	2.15372	1	2.35188	1	0.590179
3.27623	73	0	-2.28174	1	-2.291	1	0.268625
3.27623	73	1	-2.08721	0	-1.72601	0	2.20359
3.27623	73	2	-1.59739	0	-0.057567	0	1.19462
3.27623	73	3	0.0131379	0	1.64259	0	1.69966
3.27623	73	4	1.79615	0	1.99302	0	1.77148
3.27623	73	5	2.17516	1	2.34107	1	0.469673
3.32111	74	0	-2.2984	1	-2.26041	1	0.205883
3.32111	74	1	-2.06204	0	-1.74089	0	2.37698
3.32111	74	2	-1.60857	0	-0.0452831	0	1.29013
3.32111	74	3	0.0224527	0	1.6329	0	2.02488
3.32111	74	4	1.77742	0	2.01312	0	2.03178
3.32111	74	5	2.20128	1	2.32849	1	0.384985
3.36599	75	0	-2.31418	1	-2.23017	1	0.167682
3.36599	75	1	-2.03673	0	-1.75845	0	2.37995
3.36599	75	2	-1.62093	0	-0.0333761	0	1.41482
3.36599	75	3	0.0333761	0	1.62093	0	2.40906
3.36599	75	4	1.75845	0	2.03673	0	2.26528
3.36599	75	5	2.23017	1	2.31418	1	0.324545
3.41087	76	0	-2.32849	1	-2.20128	1	0.143323
3.41087	76	1	-2.01312	0	-1.77742	0	2.23218
3.41087	76	2	-1.6329	0	-0.0224527	0	1.58109
3.41087	76	3	0.0452831	0	1.60857	0	2.86158
3.41087	76	4	1.74089	0	2.06204	0	2.46255
3.41087	76	5	2.26041	1	2.2984	1	0.280548
3.45575	77	0	-2.34107	1	-2.17516	1	0.127498
3.45575	77	1	-1.99302	0	-1.79615	0	1.9736
3.45575	77	2	-1.64259	0	-0.0131379	0	1.80418
3.45575	77	3	0.057567	0	1.59739	0	3.39302
3.45575	77	4	1.72601	0	2.08721	0	2.61852
3.45575	77	5	2.291	1	2.28174	1	0.247923
3.50063	78	0	-2.35188	1	-2.15372	1	0.117389
3.50063	78	1	-1.97823	0	-1.81248	0	1.6564
3.50063	78	2	-1.64801	0	-0.00600813	0	2.09924
3.50063	78	3	0.0697064	0	1.58857	0	4.01513
3.50063	78	4	1.71475	0	2.1101	0	2.73143
3.50063	78	5	2.32119	1	2.26549	1	0.223386
3.54551	79	0	-2.36101	1	-2.13935	1	0.111427
3.54551	79	1	-1.97007	0	-1.82387	0	1.33357
3.54551	79	2	-1.64756	0	-0.00152819	0	2.47388
3.54551	79	3	0.0813243	0	1.58294	0	4.7408
3.54551	79	4	1.70782	0	2.12742	0	2.80206
3.54551	79	5	2.35045	1	2.25236	1	0.20478
3.59039	80	0	-2.36869	1	-2.13423	1	0.108727
3.59039	80	1	-1.96875	0	-1.82799	0	1.04497
3.59039	80	2	-1.64074	0	-5.0296e-16	1	2.91823
3.59039	80	3	0.0922372	0	1.58101	0	5.58375
3.59039	80	4	1.70566	0	2.13423	0	2.83298
3.59039	80	5	2.37835	1	2.24698	1	0.190665
3.63527	81	0	-2.3753	1	-2.13935	0	0.108804
3.63527	81	1	-1.9731	1	-1.82387	1	0.809285
3.63527	81	2	-1.62837	0	-0.00152819	1	3.40058
3.63527	81	3	0.102486	0	1.58294	1	6.55824
3.63527	81	4	1.70851	0	2.12742	1	2.828
3.63527	81	5	2.40457	1	2.25236	0	0.180067
3.68015	82	0	-2.3813	1	-2.15372	0	0.111408
3.68015	82	1	-1.98098	1	-1.81248	1	0.627205
3.68015	82	2	-1.61225	0	-0.00600813	1	3.87433
3.68015	82	3	0.112345	0	1.58857	1	7.67852
3.68015	82	4	1.71642	0	2.1101	1	2.79164
3.68015	82	5	2.42886	1	2.26549	0	0.172321
3.72503	83	0	-2.38729	1	-2.17516	0	0.11643
3.72503	83	1	-1.98996	1	-1.79615	1	0.490483
3.72503	83	2	-1.59444	0	-0.0131379	1	4.2903
3.72503	83	3	0.122308	0	1.59739	1	8.95807
3.72503	83	4	1.72922	0	2.08721	1	2.72867
3.72503	83	5	2.45102	1	2.28174	0	0.166978
3.76991	84	0	-2.39392	1	-2.20128	0	0.123809
3.76991	84	1	-1.99777	1	-1.77742	1	0.389121
3.76991	84	2	-1.57686	0	-0.0224527	1	4.60671
3.76991	84	3	0.133049	0	1.60857	1	10.4086
3.76991	84	4	1.74658	0	2.06204	1	2.64376
3.76991	84	5	2.47089	1	2.2984	0	0.163741
3.81479	85	0	-2.4018	1	-2.23017	0	0.133469
3.81479	85	1	-2.00255	1	-1.75845	1	0.314492
3.81479	85	2	-1.5611	0	-0.0333761	1	4.79409
3.81479	85	3	0.145364	0	1.62093	1	12.0387
3.81479	85	4	1.76806	0	2.03673	1	2.54122
3.81479	85	5	2.48836	1	2.31418	0	0.162435
3.85967	86	0	-2.41139	1	-2.26041	0	0.145258
3.85967	86	1	-2.00288	1	-1.74089	1	0.259989
3.85967	86	2	-1.54842	0	-0.0452831	1	4.83677
3.85967	86	3	0.160097	0	1.6329	1	13.8523
3.85967	86	4	1.79309	0	2.01312	1	2.42488
3.85967	86	5	2.50336	1	2.32849	0	0.162981
3.90455	87	0	-2.42288	1	-2.291	0	0.158938
3.90455	87	1	-1.99789	1	-1.72601	1	0.220762
3.90455	87	2	-1.53978	0	-0.057567	1	4.73218
3.90455	87	3	0.178062	0	1.64259	1	15.8463
3.90455	87	4	1.82105	0	1.99302	1	2.29804
3.90455	87	5	2.51585	1	2.34107	0	0.165388
3.94943	88	0	-2.43616	1	-2.32119	0	0.174217
3.94943	88	1	-1.9872	1	-1.71475	1	0.193338
3.94943	88	2	-1.53585	0	-0.0697064	1	4.48904
3.94943	88	3	0.199971	0	1.64801	1	18.0088
3.94943	88	4	1.85129	0	1.97823	1	2.16346
3.94943	88	5	2.52582	1	2.35188	0	0.169748
3.99431	89	0	-2.45089	1	-2.35045	0	0.190815
3.99431	89	1	-1.97084	1	-1.70782	1	0.175356
3.99431	89	2	-1.53698	0	-0.0813243	1	4.12469
3.99431	89	3	0.226377	0	1.64756	1	20.3171
3.99431	89	4	1.88312	0	1.97007	1	2.02346
3.99431	89	5	2.53333	1	2.36101	0	0.176247
4.03919	90	0	-2.46652	1	-2.37835	0	0.208519
4.03919	90	1	-1.94915	1	-1.70566	1	0.165439
4.03919	90	2	-1.54323	0	-0.0922372	1	3.66238
4.03919	90	3	0.257633	0	1.64074	1	22.7358
4.03919	90	4	1.91584	0	1.96875	1	1.88002
4.03919	90	5	2.53845	1	2.36869	0	0.185174
4.08407	91	0	-2.48249	1	-2.40457	0	0.227224
4.08407	91	1	-1.9227	1	-1.70851	1	0.163263
4.08407	91	2	-1.55437	0	-0.102486	1	3.12863
4.08407	91	3	0.293887	0	1.62837	1	25.2168
4.08407	91	4	1.94876	0	1.9731	0	1.73487
4.08407	91	5	2.54134	1	2.3753	0	0.196946
4.12895	92	0	-2.49824	1	-2.42886	0	0.246935
4.12895	92	1	-1.89225	1	-1.71642	1	0.169926
4.12895	92	2	-1.56976	0	-0.112345	1	2.55146
4.12895	92	3	0.33509	0	1.61225	1	27.6994
4.12895	92	4	1.98118	0	1.98098	0	1.58959
4.12895	92	5	2.54219	1	2.3813	0	0.212136
4.17383	93	0	-2.51327	1	-2.45102	0	0.267766
4.17383	93	1	-1.85895	1	-1.72922	1	0.189066
4.17383	93	2	-1.58826	0	-0.122308	1	1.95982
4.17383	93	3	0.381029	0	1.59444	1	30.1126
4.17383	93	4	2.01235	0	1.98996	0	1.44573
4.17383	93	5	2.5413	1	2.38729	0	0.231516
4.21871	94	0	-2.52717	1	-2.47089	0	0.289926
4.21871	94	1	-1.82483	1	-1.74658	1	0.230016
4.21871	94	2	-1.60766	0	-0.133049	1	1.38583
4.21871	94	3	0.431364	0	1.57686	1	32.378
4.21871	94	4	2.04153	0	1.99777	0	1.30492
4.21871	94	5	2.53904	1	2.39392	0	0.256101
4.26359	95	0	-2.5396	1	-2.48836	0	0.313713
4.26359	95	1	-1.79436	1	-1.76806	1	0.316184
4.26359	95	2	-1.62324	1	-0.145364	1	0.872652
4.26359	95	3	0.485665	0	1.5611	1	34.4132
4.26359	95	4	2.06788	0	2.00255	0	1.16894
4.26359	95	5	2.53589	1	2.4018	0	0.287189
4.30847	96	0	-2.55031	1	-2.50336	0	0.339516
4.30847	96	1	-1.77695	1	-1.79309	1	0.495438
4.30847	96	2	-1.62525	1	-0.160097	1	0.484769
4.30847	96	3	0.543455	0	1.54842	1	36.137
4.30847	96	4	2.09056	0	2.00288	0	1.03978
4.30847	96	5	2.53245	1	2.41139	0	0.326378
4.35335	97	0	-2.5591	1	-2.51585	0	0.367822
4.35335	97	1	-1.78151	1	-1.82105	1	0.795972
4.35335	97	2	-1.6044	1	-0.178062	1	0.263952
4.35335	97	3	0.604229	0	1.53978	1	37.473
4.35335	97	4	2.10866	1	1.99789	0	0.91961
4.35335	97	5	2.52937	1	2.42288	0	0.375506
4.39823	98	0	-2.56584	1	-2.52582	0	0.399243
4.39823	98	1	-1.80345	0	-1.85129	1	1.15646
4.39823	98	2	-1.56492	1	-0.199971	1	0.159604
4.39823	98	3	0.667485	0	1.53585	1	38.3545
4.39823	98	4	2.12134	1	1.9872	0	0.810605
4.39823	98	5	2.52735	1	2.43616	0	0.436479
4.44311	99	0	-2.57047	1	-2.53333	0	0.434537
4.44311	99	1	-1.83396	0	-1.88312	1	1.5052
4.44311	99	2	-1.51521	1	-0.226377	1	0.108108
4.44311	99	3	0.73273	0	1.53698	1	38.7281
4.44311	99	4	2.12788	1	1.97084	0	0.71468
4.44311	99	5	2.52697	1	2.45089	0	0.510957
4.48799	100	0	-2.57296	1	-2.53845	0	0.47466
4.48799	100	1	-1.86827	0	-1.91584	1	1.80671
4.48799	100	2	-1.45972	1	-0.257633	1	0.0796185
4.48799	100	3	0.79949	0	1.54323	1	38.557
4.48799	100	4	2.12785	1	1.94915	0	0.63311
4.48799	100	5	2.52857	1	2.46652	0	0.599972
4.53287	101	0	-2.57338	1	-2.54134	0	0.520828
4.53287	101	1	-1.90402	0	-1.94876	1	2.04586
4.53287	101	2	-1.40042	1	-0.293887	1	0.0622703
4.53287	101	3	0.867316	0	1.55437	1	37.8233
4.53287	101	4	2.12122	1	1.9227	0	0.566277
4.53287	101	5	2.53217	1	2.48249	0	0.703657
4.57775	102	0	-2.57183	1	-2.54219	0	0.574592
4.57775	102	1	-1.93986	0	-1.98118	1	2.2165
4.57775	102	2	-1.33834	1	-0.33509	1	0.0509507
4.57775	102	3	0.935783	0	1.56976	1	36.5295
4.57775	102	4	2.10832	1	1.89225	0	0.513694
4.57775	102	5	2.53746	1	2.49824	0	0.821248
4.62263	103	0	-2.56848	1	-2.5413	0	0.637958
4.62263	103	1	-1.97481	0	-2.01235	1	2.31739
4.62263	103	2	-1.27412	1	-0.381029	1	0.0431995
4.62263	103	3	1.00449	0	1.58826	1	34.6988
4.62263	103	4	2.08976	1	1.85895	0	0.474316
4.62263	103	5	2.54389	1	2.51327	0	0.951367
4.66751	104	0	-2.56361	1	-2.53904	0	0.713515
4.66751	104	1	-2.00806	0	-2.04153	1	2.3507
4.66751	104	2	-1.20823	1	-0.431364	1	0.037716
4.66751	104	3	1.07304	0	1.60766	1	32.3749
4.66751	104	4	2.06632	1	1.82483	0	0.446972
4.66751	104	5	2.5508	0	2.52717	0	1.09241
4.71239	105	0	-2.55756	1	-2.53589	0	0.804593
4.71239	105	1	-2.03882	0	-2.06788	1	2.32144
4.71239	105	2	-1.14108	1	-0.485665	1	0.0337606
4.71239	105	3	1.14108	0	1.62324	0	29.6203
4.71239	105	4	2.03882	1	1.79436	0	0.430767
4.71239	105	5	2.55756	0	2.5396	0	1.24286
4.75727	106	0	-2.5508	1	-2.53245	0	0.915408
4.75727	106	1	-2.06632	0	-2.09056	1	2.23728
4.75727	106	2	-1.07304	1	-0.543455	1	0.0308881
4.75727	106	3	1.20823	0	1.62525	0	26.5139
4.75727	106	4	2.00806	1	1.77695	0	0.425406
4.75727	106	5	2.56361	0	2.55031	0	1.40151
4.80215	107	0	-2.54389	0	-2.52937	0	1.05112
4.80215	107	1	-2.08976	0	-2.10866	0	2.1083
4.80215	107	2	-1.00449	1	-0.604229	1	0.0288194
4.80215	107	3	1.27412	0	1.6044	0	23.1484
4.80215	107	4	1.97481	1	1.78151	0	0.43152
4.80215	107	5	2.56848	0	2.5591	0	1.5675
4.84703	108	0	-2.53746	0	-2.52735	0	1.21766
4.84703	108	1	-2.10832	0	-2.12134	0	1.94669
4.84703	108	2	-0.935783	1	-0.667485	1	0.0273751
4.84703	108	3	1.33834	0	1.56492	0	19.6268
4.84703	108	4	1.93986	1	1.80345	1	0.451161
4.84703	108	5	2.57183	0	2.56584	0	1.74037
4.89191	109	0	-2.53217	0	-2.52697	0	1.42115
4.89191	109	1	-2.12122	0	-2.12788	0	1.76592
4.89191	109	2	-0.867316	1	-0.73273	1	0.0264387
4.89191	109	3	1.40042	0	1.51521	0	16.059
4.89191	109	4	1.90402	1	1.83396	1	0.488792
4.89191	109	5	2.57338	0	2.57047	0	1.92002
4.93679	110	0	-2.52857	0	-2.52857	0	1.66674
4.93679	110	1	-2.12785	0	-2.12785	0	1.5795
4.93679	110	2	-0.79949	1	-0.79949	1	0.0259356
4.93679	110	3	1.45972	0	1.45972	0	12.5599
4.93679	110	4	1.86827	1	1.86827	1	0.553492
4.93679	110	5	2.57296	0	2.57296	0	2.10677
4.98167	111	0	-2.52697	0	-2.53217	0	1.95711
4.98167	111	1	-2.12788	0	-2.12122	0	1.39923
4.98167	111	2	-0.73273	1	-0.867316	1	0.025821
4.98167	111	3	1.51521	0	1.40042	0	9.25
4.98167	111	4	1.83396	1	1.90402	1	0.664366
4.98167	111	5	2.57047	0	2.57338	0	2.3013
5.02655	112	0	-2.52735	0	-2.53746	0	2.29106
5.02655	112	1	-2.12134	0	-2.10832	0	1.23365
5.02655	112	2	-0.667485	1	-0.935783	1	0.0260726
5.02655	112	3	1.56492	0	1.33834	0	6.26551
5.02655	112	4	1.80345	1	1.93986	1	0.864708
5.02655	112	5	2.56584	0	2.57183	0	2.50474
5.07143	113	0	-2.52937	0	-2.54389	0	2.66308
5.07143	113	1	-2.10866	0	-2.08976	0	1.08742
5.07143	113	2	-0.604229	1	-1.00449	1	0.0266859
5.07143	113	3	1.6044	0	1.27412	0	3.78857
5.07143	113	4	1.78151	0	1.97481	1	1.25633
5.07143	113	5	2.5591	0	2.56848	0	2.7187
5.11631	114	0	-2.53245	0	-2.5508	1	3.06393
5.11631	114	1	-2.09056	1	-2.06632	0	0.961738
5.11631	114	2	-0.543455	1	-1.07304	1	0.0276725
5.11631	114	3	1.62525	0	1.20823	0	2.06284
5.11631	114	4	1.77695	0	2.00806	1	2.01842
5.11631	114	5	2.55031	0	2.56361	0	2.94537
5.16119	115	0	-2.53589	0	-2.55756	1	3.48202
5.16119	115	1	-2.06788	1	-2.03882	0	0.855476
5.16119	115	2	-0.485665	1	-1.14108	1	0.0290586
5.16119	115	3	1.62324	0	1.14108	0	1.14593
5.16119	115	4	1.79436	0	2.03882	1	3.16272
5.16119	115	5	2.5396	0	2.55756	0	3.18762
5.20607	116	0	-2.53904	0	-2.56361	1	3.90471
5.20607	116	1	-2.04153	1	-2.00806	0	0.766333
5.20607	116	2	-0.431364	1	-1.20823	1	0.0308852
5.20607	116	3	1.60766	1	1.07304	0	0.721589
5.20607	116	4	1.82483	0	2.06632	1	4.34752
5.20607	116	5	2.52717	0	2.5508	0	3.44915
5.25095	117	0	-2.5413	0	-2.56848	1	4.31935
5.25095	117	1	-2.01235	1	-1.97481	0	0.691694
5.25095	117	2	-0.381029	1	-1.27412	1	0.0332087
5.25095	117	3	1.58826	1	1.00449	0	0.510251
5.25095	117	4	1.85895	0	2.08976	1	5.28917
5.25095	117	5	2.51327	0	2.54389	1	3.7346
5.29583	118	0	-2.54219	0	-2.57183	1	4.71396
5.29583	118	1	-1.98118	1	-1.93986	0	0.629095
5.29583	118	2	-0.33509	1	-1.33834	1	0.0361019
5.29583	118	3	1.56976	1	0.935783	0	0.391933
5.29583	118	4	1.89225	0	2.10832	1	5.8849
5.29583	118	5	2.49824	0	2.53746	1	4.04965
5.34071	119	0	-2.54134	0	-2.57338	1	5.07754
5.34071	119	1	-1.94876	1	-1.90402	0	0.576412
5.34071	119	2	-0.293887	1	-1.40042	1	0.0396561
5.34071	119	3	1.55437	1	0.867316	0	0.319628
5.34071	119	4	1.9227	0	2.12122	1	6.12507
5.34071	119	5	2.48249	0	2.53217	1	4.40095
5.38559	120	0	-2.53845	0	-2.57296	1	5.40033
5.38559	120	1	-1.91584	1	-1.86827	0	0.531908
5.38559	120	2	-0.257633	1	-1.45972	1	0.0439835
5.38559	120	3	1.54323	1	0.79949	0	0.273047
5.38559	120	4	1.94915	0	2.12785	1	6.04453
5.38559	120	5	2.46652	0	2.52857	1	4.79572
5.43047	121	0	-2.53333	0	-2.57047	1	5.67387
5.43047	121	1	-1.88312	1	-1.83396	0	0.494203
5.43047	121	2	-0.226377	1	-1.51521	1	0.0492196
5.43047	121	3	1.53698	1	0.73273	0	0.242443
5.43047	121	4	1.97084	0	2.12788	1	5.7027
5.43047	121	5	2.45089	0	2.52697	1	5.24068
5.47535	122	0	-2.52582	0	-2.56584	1	5.8911
5.47535	122	1	-1.85129	1	-1.80345	0	0.462223
5.47535	122	2	-0.199971	1	-1.56492	1	0.0555283
5.47535	122	3	1.53585	1	0.667485	0	0.222765
5.47535	122	4	1.9872	0	2.12134	1	5.17228
5.47535	122	5	2.43616	0	2.52735	1	5.73996
5.52023	123	0	-2.51585	0	-2.5591	1	6.04641
5.52023	123	1	-1.82105	1	-1.78151	1	0.435154
5.52023	123	2	-0.178062	1	-1.6044	1	0.0631063
5.52023	123	3	1.53978	1	0.604229	0	0.211319
5.52023	123	4	1.99789	0	2.10866	1	4.52977
5.52023	123	5	2.42288	0	2.52937	1	6.29177
5.56511	124	0	-2.50336	0	-2.55031	1	6.13568
5.56511	124	1	-1.79309	1	-1.77695	1	0.412391
5.56511	124	2	-0.160097	1	-1.62525	1	0.0721903
5.56511	124	3	1.54842	1	0.543455	0	0.20675
5.56511	124	4	2.00288	0	2.09056	0	3.84631
5.56511	124	5	2.41139	0	2.53245	1	6.8843
5.60999	125	0	-2.48836	0	-2.5396	1	6.1563
5.60999	125	1	-1.76806	1	-1.79436	1	0.393512
5.60999	125	2	-0.145364	1	-1.62324	1	0.0830652
5.60999	125	3	1.5611	1	0.485665	0	0.20859
5.60999	125	4	2.00255	0	2.06788	0	3.17973
5.60999	125	5	2.4018	0	2.53589	1	7.49236
5.65487	126	0	-2.47089	0	-2.52717	1	6.1072
5.65487	126	1	-1.74658	1	-1.82483	1	0.37825
5.65487	126	2	-0.133049	1	-1.60766	0	0.0960744
5.65487	126	3	1.57686	1	0.431364	0	0.217075
5.65487	126	4	1.99777	0	2.04153	0	2.5699
5.65487	126	5	2.39392	0	2.53904	1	8.07693
5.69975	127	0	-2.45102	0	-2.51327	1	5.98882
5.69975	127	1	-1.72922	1	-1.85895	1	0.366479
5.69975	127	2	-0.122308	1	-1.58826	0	0.111631
5.69975	127	3	1.59444	1	0.381029	0	0.233084
5.69975	127	4	1.98996	0	2.01235	0	2.03881
5.69975	127	5	2.38729	0	2.5413	1	8.58887
5.74463	128	0	-2.42886	0	-2.49824	1	5.80311
5.74463	128	1	-1.71642	1	-1.89225	1	0.358212
5.74463	128	2	-0.112345	1	-1.56976	0	0.130233
5.74463	128	3	1.61225	1	0.33509	0	0.258109
5.74463	128	4	1.98098	0	1.98118	0	1.59438
5.74463	128	5	2.3813	0	2.54219	1	8.97598
5.78951	129	0	-2.40457	0	-2.48249	1	5.55349
5.78951	129	1	-1.70851	1	-1.9227	1	0.353607
5.78951	129	2	-0.102486	1	-1.55437	0	0.15248
5.78951	129	3	1.62837	1	0.293887	0	0.294067
5.78951	129	4	1.9731	0	1.94876	0	1.23566
5.78951	129	5	2.3753	0	2.54134	1	9.19085
5.83439	130	0	-2.37835	0	-2.46652	1	5.2448
5.83439	130	1	-1.70566	1	-1.94915	1	0.352985
5.83439	130	2	-0.0922372	1	-1.54323	0	0.179091
5.83439	130	3	1.64074	1	0.257633	0	0.342674
5.83439	130	4	1.96875	1	1.91584	0	0.956969
5.83439	130	5	2.36869	0	2.53845	1	9.19731
5.87927	131	0	-2.35045	0	-2.45089	1	4.8833
5.87927	131	1	-1.70782	1	-1.97084	1	0.35688
5.87927	131	2	-0.0813243	1	-1.53698	0	0.210935
5.87927	131	3	1.64756	1	0.226377	0	0.404223
5.87927	131	4	1.97007	1	1.88312	0	0.749867
5.87927	131	5	2.36101	0	2.53333	1	8.97451
5.92415	132	0	-2.32119	0	-2.43616	1	4.47656
5.92415	132	1	-1.71475	1	-1.9872	1	0.366108
5.92415	132	2	-0.0697064	1	-1.53585	0	0.249058
5.92415	132	3	1.64801	1	0.199971	0	0.476364
5.92415	132	4	1.97823	1	1.85129	0	0.603717
5.92415	132	5	2.35188	0	2.52582	1	8.51871
5.96903	133	0	-2.291	0	-2.42288	1	4.03351
5.96903	133	1	-1.72601	1	-1.99789	1	0.381896
5.96903	133	2	-0.057567	1	-1.53978	0	0.294723
5.96903	133	3	1.64259	1	0.178062	0	0.554268
5.96903	133	4	1.99302	1	1.82105	0	0.506689
5.96903	133	5	2.34107	0	2.51585	1	7.84325
6.01391	134	0	-2.26041	0	-2.41139	1	3.56446
6.01391	134	1	-1.74089	1	-2.00288	1	0.406083
6.01391	134	2	-0.0452831	1	-1.54842	0	0.349457
6.01391	134	3	1.6329	1	0.160097	0	0.632475
6.01391	134	4	2.01312	1	1.79309	0	0.447992
6.01391	134	5	2.32849	0	2.50336	1	6.97726
6.05879	135	0	-2.23017	0	-2.4018	1	3.08124
6.05879	135	1	-1.75845	1	-2.00255	1	0.441446
6.05879	135	2	-0.0333761	1	-1.5611	0	0.4151
6.05879	135	3	1.62093	1	0.145364	0	0.706806
6.05879	135	4	2.03673	1	1.76806	0	0.420176
6.05879	135	5	2.31418	0	2.48836	1	5.96367
6.10367	136	0	-2.20128	0	-2.39392	1	2.59751
6.10367	136	1	-1.77742	1	-1.99777	1	0.492179
6.10367	136	2	-0.0224527	1	-1.57686	0	0.493855
6.10367	136	3	1.60857	1	0.133049	0	0.775115
6.10367	136	4	2.06204	1	1.74658	0	0.420703
6.10367	136	5	2.2984	0	2.47089	1	4.85712
6.14855	137	0	-2.17516	0	-2.38729	1	2.12914
6.14855	137	1	-1.79615	1	-1.98996	1	0.564501
6.14855	137	2	-0.0131379	1	-1.59444	0	0.588352
6.14855	137	3	1.59739	1	0.122308	0	0.837086
6.14855	137	4	2.08721	1	1.72922	0	0.453805
6.14855	137	5	2.28174	0	2.45102	1	3.72267
6.19343	138	0	-2.15372	0	-2.3813	1	1.6944
6.19343	138	1	-1.81248	1	-1.98098	1	0.667045
6.19343	138	2	-0.00600813	1	-1.61225	0	0.701692
6.19343	138	3	1.58857	1	0.112345	0	0.893758
6.19343	138	4	2.1101	1	1.71642	0	0.53497
6.19343	138	5	2.26549	0	2.42886	1	2.63713
6.23831	139	0	-2.13935	0	-2.3753	1	1.31269
6.23831	139	1	-1.82387	1	-1.9731	1	0.809842
6.23831	139	2	-0.00152819	1	-1.62837	0	0.837505
6.23831	139	3	1.58294	1	0.102486	0	0.947141
6.23831	139	4	2.12742	1	1.70851	0	0.699744
6.23831	139	5	2.25236	0	2.40457	1	1.69471
