#1:nx	2:kx	3:1.abs	4:1.angle	5:2.abs	6:2.angle	7:tr.abs	8:tr.angle,	9:rho_kappa.tr
0	0	0.483343	-1.61987e-18	0.483343	8.03939e-16	0.966685	4.0116e-16	0.966685
1	0.0628319	0.483292	-0.000100069	0.483378	0.000100069	0.96667	8.91945e-09	0.96667
2	0.125664	0.483227	-0.000202885	0.483399	0.000202885	0.966626	3.61853e-08	0.966626
3	0.188496	0.483146	-0.000311299	0.483405	0.000311299	0.966551	8.33514e-08	0.966551
4	0.251327	0.48305	-0.000428381	0.483396	0.000428381	0.966446	1.53114e-07	0.966446
5	0.314159	0.482939	-0.000557538	0.483371	0.000557538	0.96631	2.4948e-07	0.96631
6	0.376991	0.482811	-0.00070265	0.483331	0.00070265	0.966143	3.78027e-07	0.966143
7	0.439823	0.482668	-0.000868242	0.483276	0.000868242	0.965943	5.46262e-07	0.965944
8	0.502655	0.482508	-0.00105967	0.483204	0.00105967	0.965711	7.64138e-07	0.965712
9	0.565487	0.48233	-0.00128338	0.483116	0.00128338	0.965445	1.04474e-06	0.965446
10	0.628319	0.482134	-0.00154721	0.483011	0.00154721	0.965144	1.40526e-06	0.965145
11	0.69115	0.48192	-0.00186082	0.482888	0.00186082	0.964806	1.86826e-06	0.964808
12	0.753982	0.481685	-0.0022362	0.482748	0.0022362	0.964431	2.46351e-06	0.964433
13	0.816814	0.48143	-0.00268847	0.482589	0.00268847	0.964015	3.23047e-06	0.964019
14	0.879646	0.481153	-0.00323682	0.48241	0.00323682	0.963558	4.22173e-06	0.963564
15	0.942478	0.480853	-0.00390597	0.482211	0.00390597	0.963057	5.50794e-06	0.963065
16	1.00531	0.480528	-0.00472811	0.481991	0.00472811	0.962509	7.18471e-06	0.96252
17	1.06814	0.480178	-0.00574565	0.481749	0.00574565	0.961911	9.38268e-06	0.961927
18	1.13097	0.4798	-0.00701519	0.481483	0.00701519	0.961259	1.2282e-05	0.961283
19	1.19381	0.479392	-0.00861326	0.481191	0.00861326	0.960548	1.61337e-05	0.960585
20	1.25664	0.478953	-0.0106447	0.480873	0.0106447	0.959772	2.1292e-05	0.959828
21	1.31947	0.478482	-0.0132553	0.480526	0.0132553	0.958924	2.82626e-05	0.95901
22	1.3823	0.477975	-0.0166504	0.480148	0.0166504	0.95799	3.77784e-05	0.958125
23	1.44513	0.47743	-0.0211246	0.479737	0.0211246	0.956954	5.09188e-05	0.95717
24	1.50796	0.476846	-0.0271066	0.47929	0.0271066	0.955784	6.93034e-05	0.956139
25	1.5708	0.476218	-0.0352311	0.478804	0.0352311	0.954429	9.54178e-05	0.955026
26	1.63363	0.475544	-0.0464536	0.478276	0.0464536	0.952791	0.000133184	0.953825
27	1.69646	0.474818	-0.062233	0.477707	0.062233	0.95068	0.000189009	0.95253
28	1.75929	0.474032	-0.0848195	0.477095	0.0848195	0.947707	0.000273855	0.951134
29	1.82212	0.473173	-0.11767	0.476447	0.11767	0.943054	0.000407582	0.949628
30	1.88496	0.472219	-0.165879	0.475779	0.165879	0.934985	0.000628724	0.948007
31	1.94779	0.471123	-0.235734	0.475128	0.235734	0.920081	0.00101649	0.946261
32	2.01062	0.469804	-0.328869	0.474569	0.328869	0.893764	0.00172186	0.944383
33	2.07345	0.468256	-0.415194	0.474103	0.415194	0.862298	0.00273489	0.942366
34	2.13628	0.467072	-0.394398	0.473122	0.394398	0.868017	0.00267834	0.940203
35	2.19911	0.466062	-0.312471	0.471815	0.312471	0.892464	0.0019816	0.937892
36	2.26195	0.464803	-0.2356	0.470609	0.2356	0.909572	0.00149013	0.935432
37	2.32478	0.463341	-0.175042	0.469462	0.175042	0.91855	0.00116055	0.932826
38	2.38761	0.461743	-0.129907	0.468317	0.129907	0.922224	0.000923414	0.930085
39	2.45044	0.460062	-0.0968072	0.467142	0.0968072	0.922862	0.000741508	0.927229
40	2.51327	0.458344	-0.0725724	0.465918	0.0725724	0.921829	0.000595676	0.924289
41	2.57611	0.456643	-0.0547239	0.464637	0.0547239	0.919901	0.000475283	0.921306
42	2.63894	0.455017	-0.041438	0.463299	0.041438	0.917528	0.000373894	0.91834
43	2.70177	0.453533	-0.0314116	0.461907	0.0314116	0.914988	0.00028742	0.915461
44	2.7646	0.452264	-0.0237262	0.460468	0.0237262	0.912475	0.000213317	0.91275
45	2.82743	0.451284	-0.0177329	0.458993	0.0177329	0.910134	0.000150204	0.91029
46	2.89027	0.450659	-0.0129616	0.457497	0.0129616	0.908079	9.76027e-05	0.908165
47	2.9531	0.450432	-0.00905709	0.456006	0.00905709	0.9064	5.56949e-05	0.906443
48	3.01593	0.450613	-0.00573993	0.454562	0.00573993	0.905161	2.50432e-05	0.905178
49	3.07876	0.451178	-0.00278421	0.453227	0.00278421	0.904402	6.30827e-06	0.904406
50	3.14159	0.452073	-7.86378e-18	0.452073	-2.21026e-15	0.904147	-1.10906e-15	0.904147
51	3.20442	0.451178	-0.00278421	0.453227	0.00278421	0.904402	6.30827e-06	0.904406
52	3.26726	0.450613	-0.00573993	0.454562	0.00573993	0.905161	2.50432e-05	0.905178
53	3.33009	0.450432	-0.00905709	0.456006	0.00905709	0.9064	5.56949e-05	0.906443
54	3.39292	0.450659	-0.0129616	0.457497	0.0129616	0.908079	9.76027e-05	0.908165
55	3.45575	0.451284	-0.0177329	0.458993	0.0177329	0.910134	0.000150204	0.91029
56	3.51858	0.452264	-0.0237262	0.460468	0.0237262	0.912475	0.000213317	0.91275
57	3.58142	0.453533	-0.0314116	0.461907	0.0314116	0.914988	0.00028742	0.915461
58	3.64425	0.455017	-0.041438	0.463299	0.041438	0.917528	0.000373894	0.91834
59	3.70708	0.456643	-0.0547239	0.464637	0.0547239	0.919901	0.000475283	0.921306
60	3.76991	0.458344	-0.0725724	0.465918	0.0725724	0.921829	0.000595676	0.924289
61	3.83274	0.460062	-0.0968072	0.467142	0.0968072	0.922862	0.000741508	0.927229
62	3.89557	0.461743	-0.129907	0.468317	0.129907	0.922224	0.000923414	0.930085
63	3.95841	0.463341	-0.175042	0.469462	0.175042	0.91855	0.00116055	0.932826
64	4.02124	0.464803	-0.2356	0.470609	0.2356	0.909572	0.00149013	0.935432
65	4.08407	0.466062	-0.312471	0.471815	0.312471	0.892464	0.0019816	0.937892
66	4.1469	0.467072	-0.394398	0.473122	0.394398	0.868017	0.00267834	0.940203
67	4.20973	0.468256	-0.415194	0.474103	0.415194	0.862298	0.00273489	0.942366
68	4.27257	0.469804	-0.328869	0.474569	0.328869	0.893764	0.00172186	0.944383
69	4.3354	0.471123	-0.235734	0.475128	0.235734	0.920081	0.00101649	0.946261
70	4.39823	0.472219	-0.165879	0.475779	0.165879	0.934985	0.000628724	0.948007
71	4.46106	0.473173	-0.11767	0.476447	0.11767	0.943054	0.000407582	0.949628
72	4.52389	0.474032	-0.0848195	0.477095	0.0848195	0.947707	0.000273855	0.951134
73	4.58673	0.474818	-0.062233	0.477707	0.062233	0.95068	0.000189009	0.95253
74	4.64956	0.475544	-0.0464536	0.478276	0.0464536	0.952791	0.000133184	0.953825
75	4.71239	0.476218	-0.0352311	0.478804	0.0352311	0.954429	9.54178e-05	0.955026
76	4.77522	0.476846	-0.0271066	0.47929	0.0271066	0.955784	6.93034e-05	0.956139
77	4.83805	0.47743	-0.0211246	0.479737	0.0211246	0.956954	5.09188e-05	0.95717
78	4.90088	0.477975	-0.0166504	0.480148	0.0166504	0.95799	3.77784e-05	0.958125
79	4.96372	0.478482	-0.0132553	0.480526	0.0132553	0.958924	2.82626e-05	0.95901
80	5.02655	0.478953	-0.0106447	0.480873	0.0106447	0.959772	2.1292e-05	0.959828
81	5.08938	0.479392	-0.00861326	0.481191	0.00861326	0.960548	1.61337e-05	0.960585
82	5.15221	0.4798	-0.00701519	0.481483	0.00701519	0.961259	1.2282e-05	0.961283
83	5.21504	0.480178	-0.00574565	0.481749	0.00574565	0.961911	9.38268e-06	0.961927
84	5.27788	0.480528	-0.00472811	0.481991	0.00472811	0.962509	7.18471e-06	0.96252
85	5.34071	0.480853	-0.00390597	0.482211	0.00390597	0.963057	5.50794e-06	0.963065
86	5.40354	0.481153	-0.00323682	0.48241	0.00323682	0.963558	4.22173e-06	0.963564
87	5.46637	0.48143	-0.00268847	0.482589	0.00268847	0.964015	3.23047e-06	0.964019
88	5.5292	0.481685	-0.0022362	0.482748	0.0022362	0.964431	2.46351e-06	0.964433
89	5.59203	0.48192	-0.00186082	0.482888	0.00186082	0.964806	1.86826e-06	0.964808
90	5.65487	0.482134	-0.00154721	0.483011	0.00154721	0.965144	1.40526e-06	0.965145
91	5.7177	0.48233	-0.00128338	0.483116	0.00128338	0.965445	1.04474e-06	0.965446
92	5.78053	0.482508	-0.00105967	0.483204	0.00105967	0.965711	7.64138e-07	0.965712
93	5.84336	0.482668	-0.000868242	0.483276	0.000868242	0.965943	5.46262e-07	0.965944
94	5.90619	0.482811	-0.00070265	0.483331	0.00070265	0.966143	3.78027e-07	0.966143
95	5.96903	0.482939	-0.000557538	0.483371	0.000557538	0.96631	2.4948e-07	0.96631
96	6.03186	0.48305	-0.000428381	0.483396	0.000428381	0.966446	1.53114e-07	0.966446
97	6.09469	0.483146	-0.000311299	0.483405	0.000311299	0.966551	8.33514e-08	0.966551
98	6.15752	0.483227	-0.000202885	0.483399	0.000202885	0.966626	3.61853e-08	0.966626
99	6.22035	0.483292	-0.000100069	0.483378	0.000100069	0.96667	8.91945e-09	0.96667
