#1:m	2:T	3:1.abs	4:1.angle	5:2.abs	6:2.angle	7:tr.abs	8:tr.angle	9:rho_ky.tr
-1	0.02	1.92875e-22	7.86364e-18	1	-1.11022e-16	1	-1.11022e-16	1
-1	0.07	6.24875e-07	1.5708	0.999999	-5.20095e-08	0.999999	5.72866e-07	1
-1	0.12	0.000240325	0	0.999702	0	0.999943	0	1
-1	0.17	0.00278266	0	0.996434	0	0.999217	0	1
-1	0.22	0.0105381	0	0.986284	0	0.996822	0	1
-1	0.27	0.0242273	0	0.968416	0	0.992643	0	1
-1	0.32	0.0426715	0	0.944808	0	0.98748	0	1
-1	0.37	0.0641113	0	0.918223	0	0.982335	0	1
-1	0.42	0.0869522	0	0.890989	0	0.977941	0	1
-1	0.47	0.109995	0	0.864665	0	0.974659	0	1
-1	0.52	0.132429	0	0.84013	0	0.972559	0	1
-1	0.57	0.153759	0	0.817775	0	0.971534	0	1
-1	0.62	0.173714	0	0.797681	0	0.971395	0	1
-1	0.67	0.192181	0	0.779755	0	0.971936	0	1
-1	0.72	0.209149	0	0.763816	0	0.972964	0	1
-1	0.77	0.22467	0	0.749647	0	0.974317	0	1
-1	0.82	0.238835	0	0.737028	0	0.975863	0	1
-1	0.87	0.25175	0	0.725754	0	0.977504	0	1
-1	0.92	0.263529	0	0.715637	0	0.979166	0	1
-1	0.97	0.274284	0	0.706515	0	0.980799	0	1

-0.9	0.02	2.86252e-20	-3.14159	1	-1.11022e-16	1	-1.11022e-16	1
-0.9	0.07	2.60743e-06	1.5708	0.999997	-2.50038e-07	0.999997	2.3574e-06	1
-0.9	0.12	0.000552862	0	0.999296	0	0.999849	0	1
-0.9	0.17	0.00500406	0	0.993394	0	0.998398	0	1
-0.9	0.22	0.0165453	0	0.977824	0	0.994369	0	1
-0.9	0.27	0.0348895	0	0.953259	0	0.988149	0	1
-0.9	0.32	0.0578824	0	0.923302	0	0.981184	0	1
-0.9	0.37	0.0832387	0	0.891593	0	0.974831	0	1
-0.9	0.42	0.109186	0	0.860691	0	0.969877	0	1
-0.9	0.47	0.134533	0	0.832041	0	0.966574	0	1
-0.9	0.52	0.15856	0	0.806272	0	0.964832	0	1
-0.9	0.57	0.180881	0	0.783514	0	0.964394	0	1
-0.9	0.62	0.201341	0	0.763617	0	0.964957	0	1
-0.9	0.67	0.219929	0	0.746305	0	0.966233	0	1
-0.9	0.72	0.236723	0	0.731254	0	0.967977	0	1
-0.9	0.77	0.251852	0	0.718145	0	0.969996	0	1
-0.9	0.82	0.265464	0	0.706681	0	0.972145	0	1
-0.9	0.87	0.277718	0	0.6966	0	0.974319	0	1
-0.9	0.92	0.288766	0	0.68768	0	0.976446	0	1
-0.9	0.97	0.298748	0	0.679732	0	0.978481	0	1

-0.8	0.02	4.24835e-18	2.24875e-18	1	0	1	9.55349e-36	1
-0.8	0.07	1.088e-05	1.5708	0.999988	-1.2166e-06	0.999988	9.66356e-06	1
-0.8	0.12	0.00127153	0	0.998327	0	0.999599	0	1
-0.8	0.17	0.00899114	0	0.987707	0	0.996698	0	1
-0.8	0.22	0.0259457	0	0.964036	0	0.989982	0	1
-0.8	0.27	0.0501922	0	0.9307	0	0.980892	0	1
-0.8	0.32	0.0784788	0	0.893283	0	0.971761	0	1
-0.8	0.37	0.108101	0	0.856141	0	0.964242	0	1
-0.8	0.42	0.137241	0	0.821778	0	0.95902	0	1
-0.8	0.47	0.164813	0	0.791284	0	0.956097	0	1
-0.8	0.52	0.190244	0	0.764887	0	0.955131	0	1
-0.8	0.57	0.213302	0	0.742366	0	0.955669	0	1
-0.8	0.62	0.233969	0	0.723299	0	0.957268	0	1
-0.8	0.67	0.252353	0	0.707202	0	0.959555	0	1
-0.8	0.72	0.268636	0	0.693601	0	0.962237	0	1
-0.8	0.77	0.283032	0	0.682067	0	0.965098	0	1
-0.8	0.82	0.295759	0	0.672227	0	0.967986	0	1
-0.8	0.87	0.30703	0	0.663769	0	0.970799	0	1
-0.8	0.92	0.317042	0	0.656431	0	0.973473	0	1
-0.8	0.97	0.325969	0	0.650003	0	0.975971	0	1

-0.7	0.02	6.30512e-16	-7.22527e-18	1	-1.11022e-16	1	-1.11022e-16	1
-0.7	0.07	4.53984e-05	0	0.999943	0	0.999988	0	1
-0.7	0.12	0.00292292	0	0.995997	0	0.99892	0	1
-0.7	0.17	0.0161361	0	0.977013	0	0.993149	0	1
-0.7	0.22	0.0406454	0	0.94149	0	0.982135	0	1
-0.7	0.27	0.0722058	0	0.897022	0	0.969228	0	1
-0.7	0.32	0.106557	0	0.851207	0	0.957764	0	1
-0.7	0.37	0.140807	0	0.808629	0	0.949436	0	1
-0.7	0.42	0.173255	0	0.771291	0	0.944545	0	1
-0.7	0.47	0.203009	0	0.739648	0	0.942657	0	1
-0.7	0.52	0.22969	0	0.713385	0	0.943076	0	1
-0.7	0.57	0.253239	0	0.69187	0	0.945109	0	1
-0.7	0.62	0.273788	0	0.674382	0	0.94817	0	1
-0.7	0.67	0.291584	0	0.660222	0	0.951806	0	1
-0.7	0.72	0.306925	0	0.648764	0	0.955689	0	1
-0.7	0.77	0.320126	0	0.639468	0	0.959594	0	1
-0.7	0.82	0.331495	0	0.631879	0	0.963374	0	1
-0.7	0.87	0.341314	0	0.625627	0	0.966941	0	1
-0.7	0.92	0.349835	0	0.620414	0	0.970249	0	1
-0.7	0.97	0.357274	0	0.616002	0	0.973276	0	1

-0.6	0.02	9.35762e-14	3.14159	1	0	1	1.57626e-30	1
-0.6	0.07	0.000189417	0	0.99975	0	0.99994	0	1
-0.6	0.12	0.00671288	0	0.990344	0	0.997057	0	1
-0.6	0.17	0.0289256	0	0.956779	0	0.985704	0	1
-0.6	0.22	0.0637015	0	0.904456	0	0.968157	0	1
-0.6	0.27	0.104217	0	0.846437	0	0.950654	0	1
-0.6	0.32	0.145639	0	0.79158	0	0.937219	0	1
-0.6	0.37	0.18522	0	0.743779	0	0.928999	0	1
-0.6	0.42	0.221526	0	0.703973	0	0.925499	0	1
-0.6	0.47	0.253892	0	0.671741	0	0.925633	0	1
-0.6	0.52	0.28211	0	0.646165	0	0.928274	0	1
-0.6	0.57	0.306256	0	0.626221	0	0.932477	0	1
-0.6	0.62	0.326586	0	0.610939	0	0.937524	0	1
-0.6	0.67	0.343465	0	0.599444	0	0.942909	0	1
-0.6	0.72	0.357324	0	0.590969	0	0.948293	0	1
-0.6	0.77	0.368617	0	0.584849	0	0.953466	0	1
-0.6	0.82	0.377786	0	0.580519	0	0.958305	0	1
-0.6	0.87	0.385242	0	0.577508	0	0.96275	0	1
-0.6	0.92	0.391343	0	0.575438	0	0.966781	0	1
-0.6	0.97	0.396389	0	0.574015	0	0.970403	0	1

-0.5	0.02	1.38879e-11	3.14159	1	0	1	3.70135e-28	1
-0.5	0.07	0.000790111	0	0.9989	0	0.99969	0	1
-0.5	0.12	0.0153962	0	0.976478	0	0.991874	0	1
-0.5	0.17	0.0518816	0	0.918237	0	0.970119	0	1
-0.5	0.22	0.100441	0	0.843101	0	0.943542	0	1
-0.5	0.27	0.152457	0	0.769089	0	0.921546	0	1
-0.5	0.32	0.203457	0	0.704125	0	0.907583	0	1
-0.5	0.37	0.25135	0	0.649921	0	0.901271	0	1
-0.5	0.42	0.295258	0	0.605584	0	0.900843	0	1
-0.5	0.47	0.334991	0	0.569407	0	0.904397	0	1
-0.5	0.52	0.370863	0	0.539497	0	0.910359	0	1
-0.5	0.57	0.403857	0	0.51371	0	0.917566	0	1
-0.5	0.62	0.437619	0	0.487602	0	0.925221	0	1
-0.5	0.67	0.467104	-0.0546446	0.467104	0.0546446	0.932813	7.43868e-18	1
-0.5	0.72	0.471303	0.0738791	0.471303	-0.0738791	0.940034	7.38154e-18	1
-0.5	0.77	0.474756	-0.0767488	0.474756	0.0767488	0.946718	5.1306e-17	1
-0.5	0.82	0.47763	0.0718906	0.47763	-0.0718906	0.952792	2.91308e-17	1
-0.5	0.87	0.480044	0.0620256	0.480044	-0.0620256	0.958241	-4.34477e-17	1
-0.5	0.92	0.482091	0.0476451	0.482091	-0.0476451	0.963088	-1.44097e-17	1
-0.5	0.97	0.483841	0.0253608	0.483841	-0.0253608	0.967371	3.0485e-17	1

-0.4	0.02	2.06115e-09	-3.14159	1	-1.11022e-16	1	-1.11022e-16	1
-0.4	0.07	0.00329309	0	0.995069	0	0.998362	0	1
-0.4	0.12	0.0353041	0	0.942065	0	0.977369	0	1
-0.4	0.17	0.093951	0	0.843976	0	0.937927	0	1
-0.4	0.22	0.1627	0	0.738471	0	0.901171	0	1
-0.4	0.27	0.235049	0	0.642009	0	0.877058	0	1
-0.4	0.32	0.31326	0	0.552592	0	0.865852	0	1
-0.4	0.37	0.434902	-0.11075	0.434902	0.11075	0.864475	8.02671e-18	1
-0.4	0.42	0.448214	0.245471	0.448214	-0.245471	0.869557	-3.19192e-17	1
-0.4	0.47	0.457912	0.286926	0.457912	-0.286926	0.878383	0	1
-0.4	0.52	0.465168	-0.299103	0.465168	0.299103	0.88903	0	1
-0.4	0.57	0.470725	0.29701	0.470725	-0.29701	0.900229	-3.08317e-17	1
-0.4	0.62	0.475068	0.287261	0.475068	-0.287261	0.911202	0	1
-0.4	0.67	0.478521	0.273364	0.478521	-0.273364	0.921506	6.02396e-17	1
-0.4	0.72	0.481311	-0.257345	0.481311	0.257345	0.930922	2.98151e-17	1
-0.4	0.77	0.483595	0.240421	0.483595	-0.240421	0.939372	-5.90939e-17	1
-0.4	0.82	0.485488	0.223336	0.485488	-0.223336	0.946861	0	1
-0.4	0.87	0.487073	0.20654	0.487073	-0.20654	0.953442	0	1
-0.4	0.92	0.488414	0.190299	0.488414	-0.190299	0.959193	2.89364e-17	1
-0.4	0.97	0.489557	-0.174757	0.489557	0.174757	0.964201	0	1

-0.3	0.02	3.05902e-07	-3.14159	1	2.11974e-34	0.999999	-3.6144e-23	1
-0.3	0.07	0.0137027	0	0.977369	0	0.991072	0	1
-0.3	0.12	0.0819662	0	0.855275	0	0.937242	0	1
-0.3	0.17	0.179927	0	0.693763	0	0.87369	0	1
-0.3	0.22	0.313168	0	0.517858	0	0.831026	0	1
-0.3	0.27	0.431655	0.348255	0.431655	-0.348255	0.811486	3.42034e-17	1
-0.3	0.32	0.449685	-0.452308	0.449685	0.452308	0.80893	6.8623e-17	1
-0.3	0.37	0.461549	0.484236	0.461549	-0.484236	0.81697	0	1
-0.3	0.42	0.469723	0.485706	0.469723	-0.485706	0.830796	-6.68169e-17	1
-0.3	0.47	0.475574	-0.471933	0.475574	0.471933	0.847179	6.55247e-17	1
-0.3	0.52	0.479895	0.450318	0.479895	-0.450318	0.864107	3.21205e-17	1
-0.3	0.57	0.483173	0.424917	0.483173	-0.424917	0.880411	-9.45771e-17	1
-0.3	0.62	0.485715	0.398075	0.485715	-0.398075	0.895474	-6.19908e-17	1
-0.3	0.67	0.487726	-0.371175	0.487726	0.371175	0.909025	3.05333e-17	1
-0.3	0.72	0.489342	0.345026	0.489342	-0.345026	0.921007	-3.01361e-17	1
-0.3	0.77	0.49066	-0.320087	0.49066	0.320087	0.931478	-2.97974e-17	1
-0.3	0.82	0.49175	-0.296592	0.49175	0.296592	0.940558	5.90194e-17	1
-0.3	0.87	0.492659	0.274638	0.492659	-0.274638	0.948392	-1.17064e-16	1
-0.3	0.92	0.493427	0.254236	0.493427	-0.254236	0.955132	-1.45297e-17	1
-0.3	0.97	0.494081	0.235344	0.494081	-0.235344	0.960922	2.88843e-17	1

-0.2	0.02	4.53983e-05	-1.57081	0.999946	9.0392e-06	0.999946	-3.63616e-05	1
-0.2	0.07	0.0575222	0	0.89293	0	0.950452	0	1
-0.2	0.12	0.217248	0	0.615101	0	0.83235	0	1
-0.2	0.17	0.424428	0.477246	0.424428	-0.477246	0.754007	-3.68108e-17	1
-0.2	0.22	0.452449	0.647567	0.452449	-0.647567	0.721705	-7.69167e-17	1
-0.2	0.27	0.467563	-0.692877	0.467563	0.692877	0.719497	1.54305e-16	1
-0.2	0.32	0.476541	-0.691195	0.476541	0.691195	0.734336	7.55937e-17	1
-0.2	0.37	0.482278	-0.667344	0.482278	0.667344	0.757628	0	1
-0.2	0.42	0.486155	0.632728	0.486155	-0.632728	0.784087	-7.07972e-17	1
-0.2	0.47	0.488892	0.593391	0.488892	-0.593391	0.810632	-6.84789e-17	1
-0.2	0.52	0.490895	0.552733	0.490895	-0.552733	0.835594	0	1
-0.2	0.57	0.492403	-0.5127	0.492403	0.5127	0.858183	1.29369e-16	1
-0.2	0.62	0.493566	0.474377	0.493566	-0.474377	0.878131	0	1
-0.2	0.67	0.494482	0.438335	0.494482	-0.438335	0.895467	-6.19913e-17	1
-0.2	0.72	0.495216	-0.404824	0.495216	0.404824	0.910377	-3.0488e-17	1
-0.2	0.77	0.495813	-0.373903	0.495813	0.373903	0.923113	1.20269e-16	1
-0.2	0.82	0.496305	-0.345511	0.496305	0.345511	0.933949	5.9437e-17	1
-0.2	0.87	0.496715	0.319526	0.496715	-0.319526	0.943147	0	1
-0.2	0.92	0.497061	0.295787	0.497061	-0.295787	0.95095	-2.91872e-17	1
-0.2	0.97	0.497355	0.274121	0.497355	-0.274121	0.95757	-2.89854e-17	1

-0.1	0.02	0.00670907	-1.57326	0.990906	0.00245927	0.990896	-0.00431142	1
-0.1	0.07	0.394903	0.334412	0.394903	-0.334412	0.746053	0	1
-0.1	0.12	0.45953	0.865624	0.45953	-0.865624	0.595703	0	1
-0.1	0.17	0.479127	0.952491	0.479127	-0.952491	0.555457	-9.99379e-17	1
-0.1	0.22	0.487359	0.952232	0.487359	-0.952232	0.565206	0	1
-0.1	0.27	0.491547	-0.916499	0.491547	0.916499	0.598313	1.85559e-16	1
-0.1	0.32	0.493958	0.864506	0.493958	-0.864506	0.641173	-8.65775e-17	1
-0.1	0.37	0.495469	0.805777	0.495469	-0.805777	0.686275	8.08876e-17	1
-0.1	0.42	0.496478	0.745546	0.496478	-0.745546	0.729542	0	1
-0.1	0.47	0.497184	0.686752	0.497184	-0.686752	0.768954	-7.21904e-17	1
-0.1	0.52	0.497697	-0.630994	0.497697	0.630994	0.803723	1.38135e-16	1
-0.1	0.57	0.498082	0.579067	0.498082	-0.579067	0.833764	-6.6579e-17	1
-0.1	0.62	0.498378	0.531273	0.498378	-0.531273	0.859367	0	1
-0.1	0.67	0.498611	-0.487622	0.498611	0.487622	0.880995	6.30096e-17	1
-0.1	0.72	0.498797	0.447954	0.498797	-0.447954	0.899166	-6.17363e-17	1
-0.1	0.77	0.498948	0.412016	0.498948	-0.412016	0.914387	3.03543e-17	1
-0.1	0.82	0.499072	0.379515	0.499072	-0.379515	0.927121	0	1
-0.1	0.87	0.499175	0.350141	0.499175	-0.350141	0.937775	5.91945e-17	1
-0.1	0.92	0.499262	0.323596	0.499262	-0.323596	0.9467	-5.86365e-17	1
-0.1	0.97	0.499336	0.299592	0.499336	-0.299592	0.954189	-1.16353e-16	1

-2.22045e-16	0.02	0.5	2.83107e-13	0.5	3.14159	2.83131e-13	1.57236	1
-2.22045e-16	0.07	0.5	-1.45736	0.5	1.45736	0.113194	4.90408e-16	1
-2.22045e-16	0.12	0.5	-1.37667	0.5	1.37667	0.192911	2.87755e-16	1
-2.22045e-16	0.17	0.5	1.29007	0.5	-1.29007	0.277054	2.00363e-16	1
-2.22045e-16	0.22	0.5	1.19808	0.5	-1.19808	0.364149	-1.52441e-16	1
-2.22045e-16	0.27	0.5	-1.10384	0.5	1.10384	0.450168	3.69936e-16	1
-2.22045e-16	0.32	0.5	-1.01097	0.5	1.01097	0.531039	0	1
-2.22045e-16	0.37	0.5	0.922212	0.5	-0.922212	0.604059	0	1
-2.22045e-16	0.42	0.5	0.839263	0.5	-0.839263	0.668012	0	1
-2.22045e-16	0.47	0.5	0.762956	0.5	-0.762956	0.722796	-7.68006e-17	1
-2.22045e-16	0.52	0.5	0.693525	0.5	-0.693525	0.768997	-1.44373e-16	1
-2.22045e-16	0.57	0.5	0.630819	0.5	-0.630819	0.807545	-6.87407e-17	1
-2.22045e-16	0.62	0.5	0.574463	0.5	-0.574463	0.839484	-6.61253e-17	1
-2.22045e-16	0.67	0.5	-0.523965	0.5	0.523965	0.865842	0	1
-2.22045e-16	0.72	0.5	0.478787	0.5	-0.478787	0.887555	6.25439e-17	1
-2.22045e-16	0.77	0.5	-0.43839	0.5	0.43839	0.905436	3.06544e-17	1
-2.22045e-16	0.82	0.5	-0.402259	0.5	0.402259	0.920179	1.20653e-16	1
-2.22045e-16	0.87	0.5	0.369916	0.5	-0.369916	0.932358	-8.93077e-17	1
-2.22045e-16	0.92	0.5	-0.340927	0.5	0.340927	0.942445	5.89012e-17	1
-2.22045e-16	0.97	0.5	-0.314904	0.5	0.314904	0.950826	5.8382e-17	1

0.1	0.02	0.00671482	1.56746	0.990057	-3.13826	0.990035	3.13814	1
0.1	0.07	0.394903	2.44632	0.394903	-2.44632	0.606473	-3.14159	1
0.1	0.12	0.45953	1.86641	0.45953	-1.86641	0.267749	-3.14159	1
0.1	0.17	0.479127	-1.61336	0.479127	1.61336	0.0407732	3.14159	1
0.1	0.22	0.487359	1.43091	0.487359	-1.43091	0.135904	0	1
0.1	0.27	0.491547	1.27836	0.491547	-1.27836	0.283413	0	1
0.1	0.32	0.493958	-1.14464	0.493958	1.14464	0.408378	1.35931e-16	1
0.1	0.37	0.495469	1.02596	0.495469	-1.02596	0.513578	-2.16174e-16	1
0.1	0.42	0.496478	0.920518	0.496478	-0.920518	0.601144	0	1
0.1	0.47	0.497184	0.827009	0.497184	-0.827009	0.673266	-1.64901e-16	1
0.1	0.52	0.497697	-0.744272	0.497697	0.744272	0.732194	0	1
0.1	0.57	0.498082	0.671182	0.498082	-0.671182	0.780084	-1.42321e-16	1
0.1	0.62	0.498378	0.606662	0.498378	-0.606662	0.818891	-2.03365e-16	1
0.1	0.67	0.498611	0.549704	0.498611	-0.549704	0.85031	-6.52834e-17	1
0.1	0.72	0.498797	0.499383	0.498797	-0.499383	0.875766	3.16929e-17	1
0.1	0.77	0.498948	0.454867	0.498948	-0.454867	0.896429	6.19248e-17	1
0.1	0.82	0.499072	0.415419	0.499072	-0.415419	0.913249	-6.07843e-17	1
0.1	0.87	0.499175	-0.38039	0.499175	0.38039	0.926989	0	1
0.1	0.92	0.499262	-0.349213	0.499262	0.349213	0.938256	5.91642e-17	1
0.1	0.97	0.499336	-0.321399	0.499336	0.321399	0.947535	-5.85848e-17	1

0.2	0.02	4.53979e-05	-6.91988e-13	0.999955	-3.14159	0.999909	-3.14159	1
0.2	0.07	0.060917	3.14159	0.843169	3.14159	0.904086	3.14159	1
0.2	0.12	0.365554	-2.58132	0.365554	2.58132	0.619327	-3.14159	1
0.2	0.17	0.424428	-1.97656	0.424428	1.97656	0.335057	3.14159	1
0.2	0.22	0.452449	1.67318	0.452449	-1.67318	0.0924853	3.14159	1
0.2	0.27	0.467563	1.45188	0.467563	-1.45188	0.110938	-1.00076e-15	1
0.2	0.32	0.476541	1.27269	0.476541	-1.27269	0.279929	0	1
0.2	0.37	0.482278	1.12181	0.482278	-1.12181	0.418668	0	1
0.2	0.42	0.486155	0.992718	0.486155	-0.992718	0.531285	1.04485e-16	1
0.2	0.47	0.488892	0.881472	0.488892	-0.881472	0.621887	0	1
0.2	0.52	0.490895	0.785239	0.490895	-0.785239	0.694341	-1.59896e-16	1
0.2	0.57	0.492403	0.701771	0.492403	-0.701771	0.752096	0	1
0.2	0.62	0.493566	0.629204	0.493566	-0.629204	0.798093	0	1
0.2	0.67	0.494482	-0.565957	0.494482	0.565957	0.834761	1.32999e-16	1
0.2	0.72	0.495216	0.510688	0.495216	-0.510688	0.864061	-9.63667e-17	1
0.2	0.77	0.495813	0.462254	0.495813	-0.462254	0.887554	-3.1272e-17	1
0.2	0.82	0.496305	0.419681	0.496305	-0.419681	0.90647	-9.18582e-17	1
0.2	0.87	0.496715	0.382145	0.496715	-0.382145	0.921771	6.02223e-17	1
0.2	0.92	0.497061	-0.348945	0.497061	0.348945	0.93421	2.97102e-17	1
0.2	0.97	0.497355	0.319486	0.497355	-0.319486	0.944374	-2.93904e-17	1

0.3	0.02	3.05902e-07	-1.19585e-13	1	-3.14159	0.999999	-3.14159	1
0.3	0.07	0.0138865	3.14159	0.964429	3.14159	0.978315	3.14159	1
0.3	0.12	0.0971405	3.14159	0.721673	3.14159	0.818814	3.14159	1
0.3	0.17	0.353309	2.4932	0.353309	-2.4932	0.563214	-3.14159	1
0.3	0.22	0.402712	-1.94736	0.402712	1.94736	0.296174	3.14159	1
0.3	0.27	0.431655	1.63293	0.431655	-1.63293	0.0536033	3.14159	1
0.3	0.32	0.449685	-1.39942	0.449685	1.39942	0.15338	7.23839e-16	1
0.3	0.37	0.461549	1.21232	0.461549	-1.21232	0.323868	-1.71401e-16	1
0.3	0.42	0.469723	1.05758	0.469723	-1.05758	0.461254	-2.40696e-16	1
0.3	0.47	0.475574	-0.927567	0.475574	0.927567	0.570482	9.73058e-17	1
0.3	0.52	0.479895	0.817333	0.479895	-0.817333	0.656658	1.69072e-16	1
0.3	0.57	0.483173	0.723273	0.483173	-0.723273	0.724415	-1.53258e-16	1
0.3	0.62	0.485715	0.6426	0.485715	-0.6426	0.777669	1.42763e-16	1
0.3	0.67	0.487726	-0.573093	0.487726	0.573093	0.819601	2.03188e-16	1
0.3	0.72	0.489342	0.512945	0.489342	-0.512945	0.85273	0	1
0.3	0.77	0.49066	0.460675	0.49066	-0.460675	0.879021	6.31511e-17	1
0.3	0.82	0.49175	0.41506	0.49175	-0.41506	0.899992	0	1
0.3	0.87	0.492659	0.37509	0.492659	-0.37509	0.916814	0	1
0.3	0.92	0.493427	0.339924	0.493427	-0.339924	0.930386	-5.96646e-17	1
0.3	0.97	0.494081	0.308863	0.494081	-0.308863	0.941401	5.89665e-17	1

0.4	0.02	2.06115e-09	-3.00989e-15	1	-3.14159	1	-3.14159	1
0.4	0.07	0.00330451	3.14159	0.991632	3.14159	0.994936	3.14159	1
0.4	0.12	0.0379022	3.14159	0.877488	3.14159	0.91539	3.14159	1
0.4	0.17	0.135996	3.14159	0.58305	3.14159	0.719046	3.14159	1
0.4	0.22	0.346626	-2.29903	0.346626	2.29903	0.461394	3.14159	1
0.4	0.27	0.388463	1.83054	0.388463	-1.83054	0.199539	-3.14159	1
0.4	0.32	0.416059	-1.52775	0.416059	1.52775	0.0358086	4.65065e-15	1
0.4	0.37	0.434902	1.29871	0.434902	-1.29871	0.233749	-2.37482e-16	1
0.4	0.42	0.448214	1.11569	0.448214	-1.11569	0.394031	0	1
0.4	0.47	0.457912	-0.965609	0.457912	0.965609	0.521027	0	1
0.4	0.52	0.465168	-0.840704	0.465168	0.840704	0.620476	0	1
0.4	0.57	0.470725	-0.735708	0.470725	0.735708	0.697949	0	1
0.4	0.62	0.475068	0.646759	0.475068	-0.646759	0.758247	0	1
0.4	0.67	0.478521	-0.570902	0.478521	0.570902	0.805269	0	1
0.4	0.72	0.481311	0.505819	0.481311	-0.505819	0.842081	6.59214e-17	1
0.4	0.77	0.483595	0.449662	0.483595	-0.449662	0.871046	-3.18646e-17	1
0.4	0.82	0.485488	0.400942	0.485488	-0.400942	0.893971	6.2095e-17	1
0.4	0.87	0.487073	0.358454	0.487073	-0.358454	0.91223	0	1
0.4	0.92	0.488414	-0.32121	0.488414	0.32121	0.926866	1.19782e-16	1
0.4	0.97	0.489557	0.288402	0.489557	-0.288402	0.938676	2.95688e-17	1

0.5	0.02	1.38879e-11	3.47173e-16	1	3.14159	1	3.14159	1
0.5	0.07	0.000790859	3.14159	0.997955	3.14159	0.998746	3.14159	1
0.5	0.12	0.0159341	3.14159	0.943515	3.14159	0.959449	3.14159	1
0.5	0.17	0.0631504	3.14159	0.754384	3.14159	0.817535	3.14159	1
0.5	0.22	0.258764	3.14159	0.327256	3.14159	0.58602	3.14159	1
0.5	0.27	0.342423	2.05856	0.342423	-2.05856	0.320955	3.14159	1
0.5	0.32	0.378496	1.65998	0.378496	-1.65998	0.0674231	-3.14159	1
0.5	0.37	0.404175	-1.38122	0.404175	1.38122	0.15233	1.45765e-15	1
0.5	0.42	0.422852	1.16679	0.422852	-1.16679	0.332449	-3.33952e-16	1
0.5	0.47	0.436745	0.995185	0.436745	-0.995185	0.475482	0	1
0.5	0.52	0.447302	0.854871	0.447302	-0.854871	0.587143	9.45445e-17	1
0.5	0.57	0.455483	0.738525	0.455483	-0.738525	0.673625	-8.24066e-17	1
0.5	0.62	0.461935	-0.641028	0.461935	0.641028	0.740465	7.49679e-17	1
0.5	0.67	0.467104	0.558598	0.467104	-0.558598	0.792207	-1.05107e-16	1
0.5	0.72	0.471303	0.488352	0.471303	-0.488352	0.832421	-1.0003e-16	1
0.5	0.77	0.474756	0.428045	0.474756	-0.428045	0.863847	-6.42604e-17	1
0.5	0.82	0.47763	-0.375902	0.47763	0.375902	0.88856	6.24732e-17	1
0.5	0.87	0.480044	0.330502	0.480044	-0.330502	0.908127	0	1
0.5	0.92	0.482091	0.290697	0.482091	-0.290697	0.923729	-1.20189e-16	1
0.5	0.97	0.483841	-0.255549	0.483841	0.255549	0.936256	0	1

0.6	0.02	9.35762e-14	-3.14159	1	3.14159	1	3.14159	1
0.6	0.07	0.000189469	3.14159	0.999476	3.14159	0.999666	3.14159	1
0.6	0.12	0.00683548	3.14159	0.97258	3.14159	0.979416	3.14159	1
0.6	0.17	0.0327745	3.14159	0.844418	3.14159	0.877192	3.14159	1
0.6	0.22	0.100251	3.14159	0.574709	3.14159	0.67496	3.14159	1
0.6	0.27	0.297007	2.3473	0.297007	-2.3473	0.416278	-3.14159	1
0.6	0.32	0.339536	1.79811	0.339536	-1.79811	0.153034	-3.14159	1
0.6	0.37	0.371164	-1.45912	0.371164	1.45912	0.082726	6.71024e-16	1
0.6	0.42	0.394903	-1.2098	0.394903	1.2098	0.278968	1.98988e-16	1
0.6	0.47	0.412976	1.0152	0.412976	-1.0152	0.435648	-1.27422e-16	1
0.6	0.52	0.426954	0.858745	0.426954	-0.858745	0.557933	0	1
0.6	0.57	0.437932	0.730581	0.437932	-0.730581	0.652331	1.70193e-16	1
0.6	0.62	0.446681	-0.624128	0.446681	0.624128	0.724939	7.65736e-17	1
0.6	0.67	0.453749	-0.534678	0.453749	0.534678	0.780841	7.10915e-17	1
0.6	0.72	0.45953	0.45872	0.45953	-0.45872	0.824047	0	1
0.6	0.77	0.464312	-0.393561	0.464312	0.393561	0.857629	1.29453e-16	1
0.6	0.82	0.468308	-0.337088	0.468308	0.337088	0.883904	6.28022e-17	1
0.6	0.87	0.471678	-0.287602	0.471678	0.287602	0.90461	0	1
0.6	0.92	0.474546	-0.243698	0.474546	0.243698	0.921048	-1.50674e-17	1
0.6	0.97	0.477004	0.204161	0.477004	-0.204161	0.934195	-1.18843e-16	1

0.7	0.02	6.30512e-16	-3.14159	1	-3.14159	1	-3.14159	1
0.7	0.07	4.54024e-05	3.14159	0.999856	3.14159	0.999901	3.14159	1
0.7	0.12	0.00295363	3.14159	0.985641	3.14159	0.988595	3.14159	1
0.7	0.17	0.0176193	3.14159	0.894767	3.14159	0.912386	3.14159	1
0.7	0.22	0.0563582	3.14159	0.679	3.14159	0.735359	3.14159	1
0.7	0.27	0.2545	2.84457	0.2545	-2.84457	0.486712	-3.14159	1
0.7	0.32	0.301168	1.94387	0.301168	-1.94387	0.21954	3.14159	1
0.7	0.37	0.337432	1.53066	0.337432	-1.53066	0.0270785	-2.05001e-15	1
0.7	0.42	0.365554	1.24277	0.365554	-1.24277	0.235542	0	1
0.7	0.47	0.387499	1.02385	0.387499	-1.02385	0.403059	-1.37725e-16	1
0.7	0.52	0.404793	-0.850564	0.404793	0.850564	0.53397	1.03959e-16	1
0.7	0.57	0.418579	0.710008	0.418579	-0.710008	0.634864	0	1
0.7	0.62	0.429695	0.593917	0.429695	-0.593917	0.712224	0	1
0.7	0.67	0.43876	0.496519	0.43876	-0.496519	0.771556	1.07921e-16	1
0.7	0.72	0.446231	0.413552	0.446231	-0.413552	0.817226	1.01889e-16	1
0.7	0.77	0.452449	0.34171	0.452449	-0.34171	0.85258	-6.51096e-17	1
0.7	0.82	0.457673	0.278272	0.457673	-0.278272	0.880134	3.15356e-17	1
0.7	0.87	0.462099	0.220754	0.462099	-0.220754	0.90177	3.0779e-17	1
0.7	0.92	0.465878	-0.166382	0.465878	0.166382	0.918889	1.0572e-16	1
0.7	0.97	0.469128	-0.110458	0.469128	0.110458	0.932539	4.46452e-17	1

0.8	0.02	4.24835e-18	-9.06671e-17	1	3.14159	1	3.14159	1
0.8	0.07	1.08804e-05	3.14159	0.999954	3.14159	0.999965	3.14159	1
0.8	0.12	0.00128019	3.14159	0.991573	3.14159	0.992853	3.14159	1
0.8	0.17	0.00962383	3.14159	0.922773	3.14159	0.932397	3.14159	1
0.8	0.22	0.0338035	3.14159	0.739939	3.14159	0.773742	3.14159	1
0.8	0.27	0.110024	3.14159	0.424581	3.14159	0.534604	3.14159	1
0.8	0.32	0.264771	2.09852	0.264771	-2.09852	0.266658	3.14159	1
0.8	0.37	0.30422	1.59267	0.30422	-1.59267	0.0133095	-3.14159	1
0.8	0.42	0.33583	-1.26282	0.33583	1.26282	0.203598	2.72651e-16	1
0.8	0.47	0.361128	1.0185	0.361128	-1.0185	0.378925	-1.46496e-16	1
0.8	0.52	0.381465	0.827701	0.381465	-0.827701	0.516176	-2.15086e-16	1
0.8	0.57	0.39793	0.673884	0.39793	-0.673884	0.621888	-8.92623e-17	1
0.8	0.62	0.411375	0.546799	0.411375	-0.546799	0.702787	-1.57974e-16	1
0.8	0.67	0.422451	-0.439305	0.422451	0.439305	0.764676	7.25943e-17	1
0.8	0.72	0.431655	0.345885	0.431655	-0.345885	0.812182	6.83482e-17	1
0.8	0.77	0.43937	-0.261556	0.43937	0.261556	0.848854	9.80931e-17	1
0.8	0.82	0.445889	-0.180076	0.445889	0.180076	0.877358	-6.32708e-17	1
0.8	0.87	0.451439	0.0841503	0.451439	-0.0841503	0.899683	3.08504e-17	1
0.8	0.92	0.411259	0	0.506046	0	0.917306	0	1
0.8	0.97	0.395224	0	0.536102	0	0.931326	0	1

0.9	0.02	2.86252e-20	-1.5708	1	-3.14159	1	-3.14159	1
0.9	0.07	2.60747e-06	3.14159	0.999981	3.14159	0.999984	3.14159	1
0.9	0.12	0.000555712	3.14159	0.994172	3.14159	0.994727	3.14159	1
0.9	0.17	0.00530353	3.14159	0.9373	3.14159	0.942604	3.14159	1
0.9	0.22	0.0209025	3.14159	0.773993	3.14159	0.794896	3.14159	1
0.9	0.27	0.0671768	3.14159	0.495093	3.14159	0.562269	3.14159	1
0.9	0.32	0.231177	2.26184	0.231177	-2.26184	0.294677	3.14159	1
0.9	0.37	0.272424	1.64013	0.272424	-1.64013	0.0377451	3.14159	1
0.9	0.42	0.306554	1.26585	0.306554	-1.26585	0.184081	-6.03116e-16	1
0.9	0.47	0.33457	-0.995436	0.33457	0.995436	0.364104	0	1
0.9	0.52	0.35755	-0.786245	0.35755	0.786245	0.505224	1.09874e-16	1
0.9	0.57	0.376461	0.617454	0.376461	-0.617454	0.613898	-9.0424e-17	1
0.9	0.62	0.392106	0.476154	0.392106	-0.476154	0.69698	7.96453e-17	1
0.9	0.67	0.405134	-0.352503	0.405134	0.352503	0.760446	1.45996e-16	1
0.9	0.72	0.416059	0.235828	0.416059	-0.235828	0.809085	-8.57622e-17	1
0.9	0.77	0.425283	0.0969841	0.425283	-0.0969841	0.84657	-8.19648e-18	1
0.9	0.82	0.373829	0	0.50183	0	0.875659	0	1
0.9	0.87	0.357961	0	0.540446	0	0.898407	0	1
0.9	0.92	0.351677	0	0.564662	0	0.916339	0	1
0.9	0.97	0.349409	0	0.581177	0	0.930587	0	1

1	0.02	1.92875e-22	1.5708	1	-3.14159	1	-3.14159	1
1	0.07	6.24882e-07	3.14159	0.999987	3.14159	0.999988	3.14159	1
1	0.12	0.000241457	3.14159	0.995017	3.14159	0.995258	3.14159	1
1	0.17	0.00294099	3.14159	0.94279	3.14159	0.945731	3.14159	1
1	0.22	0.0131821	3.14159	0.788457	3.14159	0.801639	3.14159	1
1	0.27	0.04454	3.14159	0.526764	3.14159	0.571304	3.14159	1
1	0.32	0.200789	2.42939	0.200789	-2.42939	0.303965	3.14159	1
1	0.37	0.242628	-1.66557	0.242628	1.66557	0.0459185	3.14159	1
1	0.42	0.27834	1.24624	0.27834	-1.24624	0.177519	-3.12705e-16	1
1	0.47	0.308397	0.949343	0.308397	-0.949343	0.359108	3.09162e-16	1
1	0.52	0.333553	-0.720016	0.333553	0.720016	0.501527	0	1
1	0.57	0.354599	0.531949	0.354599	-0.531949	0.6112	-4.54116e-17	1
1	0.62	0.372247	0.36662	0.372247	-0.36662	0.695019	1.19805e-16	1
1	0.67	0.38711	0.19848	0.38711	-0.19848	0.759019	1.82838e-17	1
1	0.72	0.345015	0	0.463026	0	0.808041	0	1
1	0.77	0.320816	0	0.524983	0	0.8458	0	1
1	0.82	0.313382	0	0.561705	0	0.875087	0	1
1	0.87	0.311575	0	0.586403	0	0.897978	0	1
1	0.92	0.312476	0	0.603538	0	0.916014	0	1
1	0.97	0.314847	0	0.615492	0	0.930338	0	1

1.1	0.02	1.29958e-24	-2.25246e-16	1	-3.14159	1	-3.14159	1
1.1	0.07	1.49754e-07	3.14159	0.999983	3.14159	0.999984	3.14159	1
1.1	0.12	0.000105007	3.14159	0.994622	3.14159	0.994727	3.14159	1
1.1	0.17	0.00164037	3.14159	0.940963	3.14159	0.942604	3.14159	1
1.1	0.22	0.00845333	3.14159	0.786443	3.14159	0.794896	3.14159	1
1.1	0.27	0.030949	3.14159	0.53132	3.14159	0.562269	3.14159	1
1.1	0.32	0.173706	2.58338	0.173706	-2.58338	0.294677	-3.14159	1
1.1	0.37	0.21516	1.65862	0.21516	-1.65862	0.0377451	-3.14159	1
1.1	0.42	0.251613	1.1963	0.251613	-1.1963	0.184081	0	1
1.1	0.47	0.283047	0.872144	0.283047	-0.872144	0.364104	-1.52459e-16	1
1.1	0.52	0.309888	-0.617769	0.309888	0.617769	0.505224	-5.49372e-17	1
1.1	0.57	0.332715	-0.396138	0.332715	0.396138	0.613898	-4.5212e-17	1
1.1	0.62	0.352123	-0.143769	0.352123	0.143769	0.69698	6.96896e-17	1
1.1	0.67	0.287143	0	0.473304	0	0.760446	0	1
1.1	0.72	0.273648	0	0.535437	0	0.809085	0	1
1.1	0.77	0.270898	0	0.575672	0	0.84657	0	1
1.1	0.82	0.272343	0	0.603316	0	0.875659	0	1
1.1	0.87	0.275828	0	0.622579	0	0.898407	0	1
1.1	0.92	0.280379	0	0.63596	0	0.916339	0	1
1.1	0.97	0.285484	0	0.645103	0	0.930587	0	1

1.2	0.02	8.75651e-27	2.79481e-16	1	-3.14159	1	-3.14159	1
1.2	0.07	3.58894e-08	3.14159	0.999965	3.14159	0.999965	3.14159	1
1.2	0.12	4.57247e-05	3.14159	0.992808	3.14159	0.992853	3.14159	1
1.2	0.17	0.000921455	3.14159	0.931475	3.14159	0.932397	3.14159	1
1.2	0.22	0.00551985	3.14159	0.768223	3.14159	0.773742	3.14159	1
1.2	0.27	0.0223984	3.14159	0.512206	3.14159	0.534604	3.14159	1
1.2	0.32	0.149831	2.66784	0.149831	-2.66784	0.266658	3.14159	1
1.2	0.37	0.190155	-1.6058	0.190155	1.6058	0.0133095	3.14159	1
1.2	0.42	0.226635	-1.10495	0.226635	1.10495	0.203598	1.36325e-16	1
1.2	0.47	0.258839	0.749588	0.258839	-0.749588	0.378925	2.19745e-16	1
1.2	0.52	0.286879	-0.451855	0.286879	0.451855	0.516176	0	1
1.2	0.57	0.311119	0.0335809	0.311119	-0.0335809	0.621888	4.18417e-17	1
1.2	0.62	0.236306	0	0.466481	0	0.702787	0	1
1.2	0.67	0.228485	0	0.536191	0	0.764676	0	1
1.2	0.72	0.229229	0	0.582953	0	0.812182	0	1
1.2	0.77	0.23338	0	0.615473	0	0.848854	0	1
1.2	0.82	0.239136	0	0.638222	0	0.877358	0	1
1.2	0.87	0.245668	0	0.654015	0	0.899683	0	1
1.2	0.92	0.25254	0	0.664765	0	0.917306	0	1
1.2	0.97	0.259506	0	0.67182	0	0.931326	0	1

1.3	0.02	5.90009e-29	1.5708	1	-3.14159	1	-3.14159	1
1.3	0.07	8.6015e-09	3.14159	0.999901	3.14159	0.999901	3.14159	1
1.3	0.12	1.9958e-05	3.14159	0.988575	3.14159	0.988595	3.14159	1
1.3	0.17	0.000523095	3.14159	0.911863	3.14159	0.912386	3.14159	1
1.3	0.22	0.00369016	3.14159	0.731668	3.14159	0.735359	3.14159	1
1.3	0.27	0.0169861	3.14159	0.469726	3.14159	0.486712	3.14159	1
1.3	0.32	0.128953	2.58914	0.128953	-2.58914	0.21954	3.14159	1
1.3	0.37	0.16761	1.48993	0.16761	-1.48993	0.0270785	-1.025e-15	1
1.3	0.42	0.203541	0.953773	0.203541	-0.953773	0.235542	1.17837e-16	1
1.3	0.47	0.235983	-0.547171	0.235983	0.547171	0.403059	6.88623e-17	1
1.3	0.52	0.232672	0	0.301299	0	0.53397	0	1
1.3	0.57	0.188479	0	0.446385	0	0.634864	0	1
1.3	0.62	0.184718	0	0.527506	0	0.712224	0	1
1.3	0.67	0.188322	0	0.583233	0	0.771556	0	1
1.3	0.72	0.194793	0	0.622433	0	0.817226	0	1
1.3	0.77	0.202548	0	0.650032	0	0.85258	0	1
1.3	0.82	0.210863	0	0.669271	0	0.880134	0	1
1.3	0.87	0.219355	0	0.682415	0	0.90177	0	1
1.3	0.92	0.22781	0	0.691079	0	0.918889	0	1
1.3	0.97	0.236101	0	0.696437	0	0.932539	0	1

1.4	0.02	3.97545e-31	3.14159	1	-3.14159	1	-3.14159	1
1.4	0.07	2.06184e-09	3.14159	0.999666	3.14159	0.999666	3.14159	1
1.4	0.12	8.75509e-06	3.14159	0.979407	3.14159	0.979416	3.14159	1
1.4	0.17	0.000302191	3.14159	0.87689	3.14159	0.877192	3.14159	1
1.4	0.22	0.00255376	3.14159	0.672406	3.14159	0.67496	3.14159	1
1.4	0.27	0.013755	3.14159	0.402523	3.14159	0.416278	3.14159	1
1.4	0.32	0.110802	2.33308	0.110802	-2.33308	0.153034	-3.14159	1
1.4	0.37	0.147434	-1.28643	0.147434	1.28643	0.082726	3.35512e-16	1
1.4	0.42	0.18237	-0.700001	0.18237	0.700001	0.278968	0	1
1.4	0.47	0.1805	0	0.255147	0	0.435648	0	1
1.4	0.52	0.143258	0	0.414674	0	0.557933	0	1
1.4	0.57	0.142773	0	0.509558	0	0.652331	0	1
1.4	0.62	0.148722	0	0.576216	0	0.724939	0	1
1.4	0.67	0.157102	0	0.623738	0	0.780841	0	1
1.4	0.72	0.166528	0	0.657519	0	0.824047	0	1
1.4	0.77	0.176362	0	0.681267	0	0.857629	0	1
1.4	0.82	0.186266	0	0.697639	0	0.883904	0	1
1.4	0.87	0.196046	0	0.708564	0	0.90461	0	1
1.4	0.92	0.20559	0	0.715458	0	0.921048	0	1
1.4	0.97	0.214829	0	0.719366	0	0.934195	0	1

1.5	0.02	2.67864e-33	3.45498e-16	1	3.14159	1	3.14159	1
1.5	0.07	4.94578e-10	3.14159	0.998746	3.14159	0.998746	3.14159	1
1.5	0.12	3.88415e-06	3.14159	0.959445	3.14159	0.959449	3.14159	1
1.5	0.17	0.000180074	3.14159	0.817355	3.14159	0.817535	3.14159	1
1.5	0.22	0.00186821	3.14159	0.584152	3.14159	0.58602	3.14159	1
1.5	0.27	0.0124342	3.14159	0.308521	3.14159	0.320955	3.14159	1
1.5	0.32	0.0950913	-1.93319	0.0950913	1.93319	0.0674231	3.14159	1
1.5	0.37	0.12948	0.941916	0.12948	-0.941916	0.15233	0	1
1.5	0.42	0.134104	0	0.198345	0	0.332449	0	1
1.5	0.47	0.101386	0	0.374096	0	0.475482	0	1
1.5	0.52	0.103663	0	0.48348	0	0.587143	0	1
1.5	0.57	0.111388	0	0.562237	0	0.673625	0	1
1.5	0.62	0.121155	0	0.61931	0	0.740465	0	1
1.5	0.67	0.131801	0	0.660406	0	0.792207	0	1
1.5	0.72	0.14278	0	0.689642	0	0.832421	0	1
1.5	0.77	0.15379	0	0.710057	0	0.863847	0	1
1.5	0.82	0.16465	0	0.72391	0	0.88856	0	1
1.5	0.87	0.175248	0	0.73288	0	0.908127	0	1
1.5	0.92	0.185515	0	0.738214	0	0.923729	0	1
1.5	0.97	0.195412	0	0.740844	0	0.936256	0	1

1.6	0.02	1.80485e-35	3.79025e-15	1	3.14159	1	3.14159	1
1.6	0.07	1.1898e-10	3.14159	0.994936	3.14159	0.994936	3.14159	1
1.6	0.12	1.76929e-06	3.14159	0.915389	3.14159	0.91539	3.14159	1
1.6	0.17	0.000113701	3.14159	0.718933	3.14159	0.719046	3.14159	1
1.6	0.22	0.00150744	3.14159	0.459887	3.14159	0.461394	3.14159	1
1.6	0.27	0.0143364	3.14159	0.185203	3.14159	0.199539	3.14159	1
1.6	0.32	0.0815356	1.3494	0.0815356	-1.3494	0.0358086	0	1
1.6	0.37	0.0892872	0	0.144462	0	0.233749	0	1
1.6	0.42	0.0643253	0	0.329705	0	0.394031	0	1
1.6	0.47	0.0688394	0	0.452187	0	0.521027	0	1
1.6	0.52	0.0775999	0	0.542876	0	0.620476	0	1
1.6	0.57	0.0880531	0	0.609896	0	0.697949	0	1
1.6	0.62	0.0993102	0	0.658937	0	0.758247	0	1
1.6	0.67	0.11092	0	0.69435	0	0.805269	0	1
1.6	0.72	0.122608	0	0.719473	0	0.842081	0	1
1.6	0.77	0.134196	0	0.73685	0	0.871046	0	1
1.6	0.82	0.145562	0	0.748409	0	0.893971	0	1
1.6	0.87	0.156626	0	0.755604	0	0.91223	0	1
1.6	0.92	0.167335	0	0.759531	0	0.926866	0	1
1.6	0.97	0.177656	0	0.76102	0	0.938676	0	1

1.7	0.02	1.2161e-37	-1.5708	1	-3.14159	1	-3.14159	1
1.7	0.07	2.89981e-11	3.14159	0.978315	3.14159	0.978315	3.14159	1
1.7	0.12	8.59626e-07	3.14159	0.818813	3.14159	0.818814	3.14159	1
1.7	0.17	8.06129e-05	3.14159	0.563133	3.14159	0.563214	3.14159	1
1.7	0.22	0.00149401	3.14159	0.29468	3.14159	0.296174	3.14159	1
1.7	0.27	0.0428526	2.24649	0.0428526	-2.24649	0.0536033	-3.14159	1
1.7	0.32	0.0450672	0	0.108313	0	0.15338	0	1
1.7	0.37	0.034194	0	0.289674	0	0.323868	0	1
1.7	0.42	0.0400508	0	0.421204	0	0.461254	0	1
1.7	0.47	0.0488369	0	0.521645	0	0.570482	0	1
1.7	0.52	0.0590696	0	0.597589	0	0.656658	0	1
1.7	0.57	0.0701542	0	0.654261	0	0.724415	0	1
1.7	0.62	0.0817285	0	0.695941	0	0.777669	0	1
1.7	0.67	0.0935355	0	0.726066	0	0.819601	0	1
1.7	0.72	0.105384	0	0.747346	0	0.85273	0	1
1.7	0.77	0.117132	0	0.761889	0	0.879021	0	1
1.7	0.82	0.128673	0	0.771319	0	0.899992	0	1
1.7	0.87	0.139932	0	0.776882	0	0.916814	0	1
1.7	0.92	0.150857	0	0.779529	0	0.930386	0	1
1.7	0.97	0.161413	0	0.779988	0	0.941401	0	1

1.8	0.02	8.19426e-40	1.5708	0.99997	3.14159	0.99997	3.14159	1
1.8	0.07	7.52e-12	3.14159	0.904086	3.14159	0.904086	3.14159	1
1.8	0.12	4.93927e-07	3.14159	0.619327	3.14159	0.619327	3.14159	1
1.8	0.17	7.52567e-05	3.14159	0.334982	3.14159	0.335057	3.14159	1
1.8	0.22	0.00312831	3.14159	0.0893569	3.14159	0.0924853	3.14159	1
1.8	0.27	0.0129554	0	0.0979821	0	0.110938	0	1
1.8	0.32	0.0134363	0	0.266493	0	0.279929	0	1
1.8	0.37	0.0190041	0	0.399664	0	0.418668	0	1
1.8	0.42	0.026533	0	0.504752	0	0.531285	0	1
1.8	0.47	0.0354716	0	0.586415	0	0.621887	0	1
1.8	0.52	0.0454645	0	0.648876	0	0.694341	0	1
1.8	0.57	0.0562138	0	0.695882	0	0.752096	0	1
1.8	0.62	0.0674637	0	0.730629	0	0.798093	0	1
1.8	0.67	0.0789983	0	0.755762	0	0.834761	0	1
1.8	0.72	0.0906412	0	0.77342	0	0.864061	0	1
1.8	0.77	0.102252	0	0.785303	0	0.887554	0	1
1.8	0.82	0.11372	0	0.79275	0	0.90647	0	1
1.8	0.87	0.124964	0	0.796807	0	0.921771	0	1
1.8	0.92	0.135925	0	0.798285	0	0.93421	0	1
1.8	0.97	0.146559	0	0.797815	0	0.944374	0	1

1.9	0.02	5.55752e-42	-3.14159	0.993443	3.14159	0.993443	3.14159	1
1.9	0.07	2.68655e-12	3.14159	0.606473	3.14159	0.606473	3.14159	1
1.9	0.12	4.96528e-07	3.14159	0.267749	3.14159	0.267749	3.14159	1
1.9	0.17	0.000346288	3.14159	0.0404269	3.14159	0.0407732	3.14159	1
1.9	0.22	0.00131863	0	0.134585	0	0.135904	0	1
1.9	0.27	0.00312963	0	0.280283	0	0.283413	0	1
1.9	0.32	0.00653172	0	0.401846	0	0.408378	0	1
1.9	0.37	0.011589	0	0.501989	0	0.513578	0	1
1.9	0.42	0.0182115	0	0.582932	0	0.601144	0	1
1.9	0.47	0.0261986	0	0.647068	0	0.673266	0	1
1.9	0.52	0.0353009	0	0.696893	0	0.732194	0	1
1.9	0.57	0.0452609	0	0.734823	0	0.780084	0	1
1.9	0.62	0.0558363	0	0.763055	0	0.818891	0	1
1.9	0.67	0.0668128	0	0.783498	0	0.85031	0	1
1.9	0.72	0.0780078	0	0.797758	0	0.875766	0	1
1.9	0.77	0.0892712	0	0.807157	0	0.896429	0	1
1.9	0.82	0.100483	0	0.812766	0	0.913249	0	1
1.9	0.87	0.11155	0	0.815438	0	0.926989	0	1
1.9	0.92	0.122402	0	0.815854	0	0.938256	0	1
1.9	0.97	0.132986	0	0.814549	0	0.947535	0	1

2	0.02	9.00596e-43	-2.13063e-09	0.0413068	2.13063e-09	0.0413068	2.13063e-09	1
2	0.07	3.44956e-12	0	0.113194	0	0.113194	0	1
2	0.12	2.99504e-07	0	0.192911	0	0.192911	0	1
2	0.17	2.80625e-05	0	0.277025	0	0.277054	0	1
2	0.22	0.000309643	0	0.363839	0	0.364149	0	1
2	0.27	0.00135023	0	0.448818	0	0.450168	0	1
2	0.32	0.00364628	0	0.527393	0	0.531039	0	1
2	0.37	0.00746257	0	0.596596	0	0.604059	0	1
2	0.42	0.0128284	0	0.655183	0	0.668012	0	1
2	0.47	0.0196171	0	0.703179	0	0.722796	0	1
2	0.52	0.027621	0	0.741376	0	0.768997	0	1
2	0.57	0.0366033	0	0.770941	0	0.807545	0	1
2	0.62	0.0463293	0	0.793155	0	0.839484	0	1
2	0.67	0.0565834	0	0.809259	0	0.865842	0	1
2	0.72	0.0671768	0	0.820378	0	0.887555	0	1
2	0.77	0.0779499	0	0.827486	0	0.905436	0	1
2	0.82	0.088772	0	0.831407	0	0.920179	0	1
2	0.87	0.0995383	0	0.832819	0	0.932358	0	1
2	0.92	0.110167	0	0.832278	0	0.942445	0	1
2	0.97	0.120596	0	0.83023	0	0.950826	0	1

2.1	0.02	2.51876e-46	-5.41321e-13	0.995159	5.41278e-13	0.995159	5.41278e-13	1
2.1	0.07	1.25428e-13	0	0.746053	0	0.746053	0	1
2.1	0.12	4.21519e-08	0	0.595703	0	0.595703	0	1
2.1	0.17	7.77209e-06	0	0.555449	0	0.555457	0	1
2.1	0.22	0.000126558	0	0.565079	0	0.565206	0	1
2.1	0.27	0.000700439	0	0.597613	0	0.598313	0	1
2.1	0.32	0.00220413	0	0.638969	0	0.641173	0	1
2.1	0.37	0.00499791	0	0.681277	0	0.686275	0	1
2.1	0.42	0.00922941	0	0.720312	0	0.729542	0	1
2.1	0.47	0.0148665	0	0.754088	0	0.768954	0	1
2.1	0.52	0.0217651	0	0.781958	0	0.803723	0	1
2.1	0.57	0.0297266	0	0.804037	0	0.833764	0	1
2.1	0.62	0.0385363	0	0.820831	0	0.859367	0	1
2.1	0.67	0.0479866	0	0.833009	0	0.880995	0	1
2.1	0.72	0.0578887	0	0.841277	0	0.899166	0	1
2.1	0.77	0.0680783	0	0.846308	0	0.914387	0	1
2.1	0.82	0.078417	0	0.848704	0	0.927121	0	1
2.1	0.87	0.0887909	0	0.848984	0	0.937775	0	1
2.1	0.92	0.0991088	0	0.847591	0	0.9467	0	1
2.1	0.97	0.109299	0	0.84489	0	0.954189	0	1

2.2	0.02	1.68894e-48	-3.14159	0.999982	-5.54631e-15	0.999982	-5.54631e-15	1
2.2	0.07	2.35947e-14	0	0.950452	0	0.950452	0	1
2.2	0.12	1.31108e-08	0	0.83235	0	0.83235	0	1
2.2	0.17	3.17938e-06	0	0.754004	0	0.754007	0	1
2.2	0.22	6.29063e-05	0	0.721642	0	0.721705	0	1
2.2	0.27	0.000402038	0	0.719095	0	0.719497	0	1
2.2	0.32	0.00140691	0	0.732929	0	0.734336	0	1
2.2	0.37	0.00345116	0	0.754177	0	0.757628	0	1
2.2	0.42	0.00675958	0	0.777328	0	0.784087	0	1
2.2	0.47	0.0113877	0	0.799244	0	0.810632	0	1
2.2	0.52	0.0172636	0	0.81833	0	0.835594	0	1
2.2	0.57	0.0242395	0	0.833943	0	0.858183	0	1
2.2	0.62	0.0321328	0	0.845998	0	0.878131	0	1
2.2	0.67	0.0407537	0	0.854713	0	0.895467	0	1
2.2	0.72	0.0499215	0	0.860455	0	0.910377	0	1
2.2	0.77	0.0594731	0	0.86364	0	0.923113	0	1
2.2	0.82	0.0692669	0	0.864682	0	0.933949	0	1
2.2	0.87	0.0791834	0	0.863964	0	0.943147	0	1
2.2	0.92	0.089124	0	0.861826	0	0.95095	0	1
2.2	0.97	0.099009	0	0.858561	0	0.95757	0	1

2.3	0.02	1.13798e-50	-1.5708	1	-7.25992e-18	1	-7.25992e-18	1
2.3	0.07	5.42274e-15	0	0.991072	0	0.991072	0	1
2.3	0.12	5.06024e-09	0	0.937242	0	0.937242	0	1
2.3	0.17	1.52368e-06	0	0.873689	0	0.87369	0	1
2.3	0.22	3.46758e-05	0	0.830991	0	0.831026	0	1
2.3	0.27	0.000246111	0	0.81124	0	0.811486	0	1
2.3	0.32	0.000934207	0	0.807996	0	0.80893	0	1
2.3	0.37	0.0024417	0	0.814529	0	0.81697	0	1
2.3	0.42	0.00502614	0	0.825769	0	0.830796	0	1
2.3	0.47	0.00880658	0	0.838372	0	0.847179	0	1
2.3	0.52	0.0137764	0	0.850331	0	0.864107	0	1
2.3	0.57	0.0198414	0	0.86057	0	0.880411	0	1
2.3	0.62	0.0268577	0	0.868616	0	0.895474	0	1
2.3	0.67	0.0346608	0	0.874365	0	0.909025	0	1
2.3	0.72	0.0430846	0	0.877922	0	0.921007	0	1
2.3	0.77	0.051973	0	0.879505	0	0.931478	0	1
2.3	0.82	0.0611859	0	0.879372	0	0.940558	0	1
2.3	0.87	0.0706016	0	0.877791	0	0.948392	0	1
2.3	0.92	0.0801171	0	0.875015	0	0.955132	0	1
2.3	0.97	0.0896471	0	0.871275	0	0.960922	0	1

2.4	0.02	7.66765e-53	-1.5708	1	2.75875e-16	1	2.75875e-16	1
2.4	0.07	1.29008e-15	0	0.998362	0	0.998362	0	1
2.4	0.12	2.10888e-09	0	0.977369	0	0.977369	0	1
2.4	0.17	7.8816e-07	0	0.937926	0	0.937927	0	1
2.4	0.22	2.02968e-05	0	0.901151	0	0.901171	0	1
2.4	0.27	0.00015723	0	0.8769	0	0.877058	0	1
2.4	0.32	0.00063854	0	0.865213	0	0.865852	0	1
2.4	0.37	0.00176102	0	0.862714	0	0.864475	0	1
2.4	0.42	0.00378489	0	0.865772	0	0.869557	0	1
2.4	0.47	0.0068676	0	0.871516	0	0.878383	0	1
2.4	0.52	0.0110542	0	0.877976	0	0.88903	0	1
2.4	0.57	0.0162997	0	0.883929	0	0.900229	0	1
2.4	0.62	0.0225004	0	0.888701	0	0.911202	0	1
2.4	0.67	0.0295208	0	0.891985	0	0.921506	0	1
2.4	0.72	0.0372143	0	0.893708	0	0.930922	0	1
2.4	0.77	0.0454362	0	0.893936	0	0.939372	0	1
2.4	0.82	0.054052	0	0.892809	0	0.946861	0	1
2.4	0.87	0.0629413	0	0.8905	0	0.953442	0	1
2.4	0.92	0.0719996	0	0.887194	0	0.959193	0	1
2.4	0.97	0.081138	0	0.883063	0	0.964201	0	1

2.5	0.02	5.16642e-55	1.5708	1	-3.35845e-17	1	-3.35845e-17	1
2.5	0.07	3.08757e-16	0	0.99969	0	0.99969	0	1
2.5	0.12	9.03112e-10	0	0.991874	0	0.991874	0	1
2.5	0.17	4.23147e-07	0	0.970119	0	0.970119	0	1
2.5	0.22	1.23047e-05	0	0.94353	0	0.943542	0	1
2.5	0.27	0.000103325	0	0.921443	0	0.921546	0	1
2.5	0.32	0.000445708	0	0.907137	0	0.907583	0	1
2.5	0.37	0.00128924	0	0.899982	0	0.901271	0	1
2.5	0.42	0.00288005	0	0.897962	0	0.900843	0	1
2.5	0.47	0.0053941	0	0.899003	0	0.904397	0	1
2.5	0.52	0.00891336	0	0.901446	0	0.910359	0	1
2.5	0.57	0.0134345	0	0.904132	0	0.917566	0	1
2.5	0.62	0.0188911	0	0.90633	0	0.925221	0	1
2.5	0.67	0.025178	0	0.907635	0	0.932813	0	1
2.5	0.72	0.0321703	0	0.907864	0	0.940034	0	1
2.5	0.77	0.0397382	0	0.90698	0	0.946718	0	1
2.5	0.82	0.0477559	0	0.905036	0	0.952792	0	1
2.5	0.87	0.0561073	0	0.902134	0	0.958241	0	1
2.5	0.92	0.064689	0	0.898399	0	0.963088	0	1
2.5	0.97	0.0734108	0	0.89396	0	0.967371	0	1

2.6	0.02	3.48111e-57	1.5708	1	-6.19253e-18	1	-6.19253e-18	1
2.6	0.07	7.39756e-17	0	0.99994	0	0.99994	0	1
2.6	0.12	3.90451e-10	0	0.997057	0	0.997057	0	1
2.6	0.17	2.31261e-07	0	0.985704	0	0.985704	0	1
2.6	0.22	7.61167e-06	0	0.96815	0	0.968157	0	1
2.6	0.27	6.91603e-05	0	0.950585	0	0.950654	0	1
2.6	0.32	0.000315795	0	0.936903	0	0.937219	0	1
2.6	0.37	0.000954689	0	0.928044	0	0.928999	0	1
2.6	0.42	0.00221001	0	0.923289	0	0.925499	0	1
2.6	0.47	0.0042624	0	0.92137	0	0.925633	0	1
2.6	0.52	0.00721786	0	0.921057	0	0.928274	0	1
2.6	0.57	0.0111057	0	0.921372	0	0.932477	0	1
2.6	0.62	0.0158927	0	0.921632	0	0.937524	0	1
2.6	0.67	0.0215022	0	0.921407	0	0.942909	0	1
2.6	0.72	0.0278323	0	0.920461	0	0.948293	0	1
2.6	0.77	0.0347697	0	0.918696	0	0.953466	0	1
2.6	0.82	0.0421998	0	0.916105	0	0.958305	0	1
2.6	0.87	0.0500132	0	0.912737	0	0.96275	0	1
2.6	0.92	0.0581095	0	0.908672	0	0.966781	0	1
2.6	0.97	0.0663994	0	0.904004	0	0.970403	0	1

2.7	0.02	2.34555e-59	-3.14159	1	-5.19305e-17	1	-5.19305e-17	1
2.7	0.07	1.77275e-17	0	0.999988	0	0.999988	0	1
2.7	0.12	1.69373e-10	0	0.99892	0	0.99892	0	1
2.7	0.17	1.27458e-07	0	0.993149	0	0.993149	0	1
2.7	0.22	4.76265e-06	0	0.98213	0	0.982135	0	1
2.7	0.27	4.68393e-05	0	0.969181	0	0.969228	0	1
2.7	0.32	0.000226098	0	0.957538	0	0.957764	0	1
2.7	0.37	0.000713012	0	0.948723	0	0.949436	0	1
2.7	0.42	0.00170714	0	0.942838	0	0.944545	0	1
2.7	0.47	0.00338494	0	0.939272	0	0.942657	0	1
2.7	0.52	0.00586621	0	0.937209	0	0.943076	0	1
2.7	0.57	0.00920456	0	0.935905	0	0.945109	0	1
2.7	0.62	0.0133944	0	0.934776	0	0.94817	0	1
2.7	0.67	0.0183855	0	0.933421	0	0.951806	0	1
2.7	0.72	0.0240979	0	0.931591	0	0.955689	0	1
2.7	0.77	0.0304357	0	0.929158	0	0.959594	0	1
2.7	0.82	0.0372969	0	0.926077	0	0.963374	0	1
2.7	0.87	0.0445804	0	0.922361	0	0.966941	0	1
2.7	0.92	0.0521911	0	0.918057	0	0.970249	0	1
2.7	0.97	0.0600419	0	0.913234	0	0.973276	0	1

2.8	0.02	1.58042e-61	-3.14159	1	-2.28494e-17	1	-2.28494e-17	1
2.8	0.07	4.24836e-18	0	0.999998	0	0.999998	0	1
2.8	0.12	7.35591e-11	0	0.999599	0	0.999599	0	1
2.8	0.17	7.05262e-08	0	0.996698	0	0.996698	0	1
2.8	0.22	2.99907e-06	0	0.989979	0	0.989982	0	1
2.8	0.27	3.19574e-05	0	0.98086	0	0.980892	0	1
2.8	0.32	0.000163042	0	0.971598	0	0.971761	0	1
2.8	0.37	0.000535863	0	0.963706	0	0.964242	0	1
2.8	0.42	0.00132548	0	0.957694	0	0.95902	0	1
2.8	0.47	0.00269896	0	0.953398	0	0.956097	0	1
2.8	0.52	0.00478226	0	0.950349	0	0.955131	0	1
2.8	0.57	0.00764609	0	0.948023	0	0.955669	0	1
2.8	0.62	0.0113072	0	0.945961	0	0.957268	0	1
2.8	0.67	0.0157381	0	0.943817	0	0.959555	0	1
2.8	0.72	0.0208797	0	0.941358	0	0.962237	0	1
2.8	0.77	0.0266532	0	0.938445	0	0.965098	0	1
2.8	0.82	0.0329699	0	0.935016	0	0.967986	0	1
2.8	0.87	0.0397383	0	0.931061	0	0.970799	0	1
2.8	0.92	0.0468697	0	0.926603	0	0.973473	0	1
2.8	0.97	0.0542808	0	0.92169	0	0.975971	0	1

2.9	0.02	1.06488e-63	-1.5708	1	-6.3486e-17	1	-6.3486e-17	1
2.9	0.07	1.01812e-18	0	0.999999	0	0.999999	0	1
2.9	0.12	3.19606e-11	0	0.999849	0	0.999849	0	1
2.9	0.17	3.9097e-08	0	0.998398	0	0.998398	0	1
2.9	0.22	1.89522e-06	0	0.994367	0	0.994369	0	1
2.9	0.27	2.1904e-05	0	0.988127	0	0.988149	0	1
2.9	0.32	0.000118143	0	0.981066	0	0.981184	0	1
2.9	0.37	0.000404556	0	0.974427	0	0.974831	0	1
2.9	0.42	0.00103318	0	0.968844	0	0.969877	0	1
2.9	0.47	0.0021589	0	0.964416	0	0.966574	0	1
2.9	0.52	0.00390844	0	0.960924	0	0.964832	0	1
2.9	0.57	0.00636367	0	0.958031	0	0.964394	0	1
2.9	0.62	0.00955861	0	0.955399	0	0.964957	0	1
2.9	0.67	0.0134852	0	0.952748	0	0.966233	0	1
2.9	0.72	0.0181032	0	0.949874	0	0.967977	0	1
2.9	0.77	0.0233501	0	0.946646	0	0.969996	0	1
2.9	0.82	0.0291505	0	0.942994	0	0.972145	0	1
2.9	0.87	0.0354232	0	0.938896	0	0.974319	0	1
2.9	0.92	0.0420868	0	0.934359	0	0.976446	0	1
2.9	0.97	0.049063	0	0.929418	0	0.978481	0	1

3	0.02	7.1751e-66	1.5708	1	3.76799e-17	1	3.76799e-17	1
3	0.07	2.43994e-19	-3.14159	1	-8.14577e-15	1	-8.14577e-15	1
3	0.12	1.38887e-11	0	0.999943	0	0.999943	0	1
3	0.17	2.1693e-08	0	0.999217	0	0.999217	0	1
3	0.22	1.20001e-06	0	0.996821	0	0.996822	0	1
3	0.27	1.50559e-05	0	0.992628	0	0.992643	0	1
3	0.32	8.58865e-05	0	0.987394	0	0.98748	0	1
3	0.37	0.000306414	0	0.982028	0	0.982335	0	1
3	0.42	0.000807712	0	0.977133	0	0.977941	0	1
3	0.47	0.00173125	0	0.972928	0	0.974659	0	1
3	0.52	0.00320083	0	0.969358	0	0.972559	0	1
3	0.57	0.00530485	0	0.966229	0	0.971534	0	1
3	0.62	0.00809025	0	0.963304	0	0.971395	0	1
3	0.67	0.011565	0	0.960371	0	0.971936	0	1
3	0.72	0.0157053	0	0.957259	0	0.972964	0	1
3	0.77	0.0204639	0	0.953853	0	0.974317	0	1
3	0.82	0.0257784	0	0.950085	0	0.975863	0	1
3	0.87	0.031578	0	0.945926	0	0.977504	0	1
3	0.92	0.0377891	0	0.941377	0	0.979166	0	1
3	0.97	0.0443392	0	0.93646	0	0.980799	0	1

3.1	0.02	4.83454e-68	3.14159	1	-1.50896e-18	1	-1.50896e-18	1
3.1	0.07	5.84734e-20	1.5708	1	-1.52867e-14	1	-1.52867e-14	1
3.1	0.12	6.03581e-12	0	0.999978	0	0.999978	0	1
3.1	0.17	1.20415e-08	0	0.999614	0	0.999614	0	1
3.1	0.22	7.60639e-07	0	0.998198	0	0.998198	0	1
3.1	0.27	1.03668e-05	0	0.995412	0	0.995423	0	1
3.1	0.32	6.25719e-05	0	0.991605	0	0.991668	0	1
3.1	0.37	0.000232611	0	0.987385	0	0.987618	0	1
3.1	0.42	0.000632831	0	0.983251	0	0.983884	0	1
3.1	0.47	0.00139102	0	0.979456	0	0.980847	0	1
3.1	0.52	0.00262564	0	0.976037	0	0.978663	0	1
3.1	0.57	0.00442807	0	0.972898	0	0.977326	0	1
3.1	0.62	0.00685448	0	0.969884	0	0.976739	0	1
3.1	0.67	0.00992579	0	0.96684	0	0.976765	0	1
3.1	0.72	0.0136323	0	0.96363	0	0.977262	0	1
3.1	0.77	0.0179405	0	0.960158	0	0.978099	0	1
3.1	0.82	0.0228003	0	0.956363	0	0.979163	0	1
3.1	0.87	0.0281514	0	0.952214	0	0.980365	0	1
3.1	0.92	0.0339282	0	0.947708	0	0.981636	0	1
3.1	0.97	0.0400643	0	0.942861	0	0.982925	0	1

3.2	0.02	3.25749e-70	-1.97528e-16	1	-1.48504e-17	1	-1.48504e-17	1
3.2	0.07	1.40132e-20	-1.5708	1	2.72244e-15	1	2.72243e-15	1
3.2	0.12	2.62312e-12	0	0.999992	0	0.999992	0	1
3.2	0.17	6.68541e-09	0	0.999809	0	0.999809	0	1
3.2	0.22	4.82431e-07	0	0.998973	0	0.998974	0	1
3.2	0.27	7.14571e-06	0	0.997137	0	0.997144	0	1
3.2	0.32	4.56514e-05	0	0.994402	0	0.994448	0	1
3.2	0.37	0.000176868	0	0.991146	0	0.991323	0	1
3.2	0.42	0.000496613	0	0.987745	0	0.988242	0	1
3.2	0.47	0.00111932	0	0.984435	0	0.985554	0	1
3.2	0.52	0.00215663	0	0.981296	0	0.983452	0	1
3.2	0.57	0.0037002	0	0.978292	0	0.981993	0	1
3.2	0.62	0.00581248	0	0.975332	0	0.981144	0	1
3.2	0.67	0.00852444	0	0.972302	0	0.980827	0	1
3.2	0.72	0.0118384	0	0.969102	0	0.980941	0	1
3.2	0.77	0.015733	0	0.965653	0	0.981386	0	1
3.2	0.82	0.0201696	0	0.961901	0	0.982071	0	1
3.2	0.87	0.0250978	0	0.95782	0	0.982918	0	1
3.2	0.92	0.0304602	0	0.953405	0	0.983865	0	1
3.2	0.97	0.0361968	0	0.948667	0	0.984864	0	1

3.3	0.02	2.19488e-72	-1.5708	1	-1.51985e-18	1	-1.51985e-18	1
3.3	0.07	3.35828e-21	-1.5708	1	-9.29506e-16	1	-9.29509e-16	1
3.3	0.12	1.14e-12	0	0.999997	0	0.999997	0	1
3.3	0.17	3.7121e-09	0	0.999905	0	0.999905	0	1
3.3	0.22	3.06082e-07	0	0.999412	0	0.999412	0	1
3.3	0.27	4.92869e-06	0	0.998207	0	0.998212	0	1
3.3	0.32	3.33378e-05	0	0.99626	0	0.996294	0	1
3.3	0.37	0.000134634	0	0.993781	0	0.993916	0	1
3.3	0.42	0.000390177	0	0.991035	0	0.991425	0	1
3.3	0.47	0.000901719	0	0.988216	0	0.989118	0	1
3.3	0.52	0.0017732	0	0.985417	0	0.98719	0	1
3.3	0.57	0.00309469	0	0.982636	0	0.985731	0	1
3.3	0.62	0.00493239	0	0.979822	0	0.984754	0	1
3.3	0.67	0.00732497	0	0.976896	0	0.984221	0	1
3.3	0.72	0.0102846	0	0.973785	0	0.98407	0	1
3.3	0.77	0.0138007	0	0.970425	0	0.984226	0	1
3.3	0.82	0.017845	0	0.966773	0	0.984618	0	1
3.3	0.87	0.0223763	0	0.962806	0	0.985183	0	1
3.3	0.92	0.0273455	0	0.958519	0	0.985865	0	1
3.3	0.97	0.032699	0	0.953921	0	0.98662	0	1

3.4	0.02	1.4789e-74	6.63886e-17	1	-7.71024e-18	1	-7.71024e-18	1
3.4	0.07	8.04816e-22	-1.5708	1	-2.33611e-16	1	-2.33612e-16	1
3.4	0.12	4.95439e-13	0	0.999999	0	0.999999	0	1
3.4	0.17	2.06125e-09	0	0.999952	0	0.999952	0	1
3.4	0.22	1.94233e-07	0	0.999662	0	0.999662	0	1
3.4	0.27	3.4009e-06	0	0.998873	0	0.998876	0	1
3.4	0.32	2.43607e-05	0	0.997495	0	0.99752	0	1
3.4	0.37	0.000102565	0	0.995626	0	0.995729	0	1
3.4	0.42	0.000306815	0	0.993438	0	0.993745	0	1
3.4	0.47	0.000727043	0	0.99108	0	0.991807	0	1
3.4	0.52	0.00145912	0	0.988636	0	0.990095	0	1
3.4	0.57	0.00259008	0	0.986122	0	0.988712	0	1
3.4	0.62	0.004188	0	0.983509	0	0.987697	0	1
3.4	0.67	0.00629718	0	0.980747	0	0.987044	0	1
3.4	0.72	0.00893783	0	0.977779	0	0.986717	0	1
3.4	0.77	0.0121086	0	0.974557	0	0.986666	0	1
3.4	0.82	0.0157903	0	0.971047	0	0.986837	0	1
3.4	0.87	0.0199508	0	0.96723	0	0.98718	0	1
3.4	0.92	0.0245484	0	0.9631	0	0.987649	0	1
3.4	0.97	0.0295361	0	0.958667	0	0.988203	0	1

3.5	0.02	9.96473e-77	-1.5708	1	-9.72822e-18	1	-9.72822e-18	1
3.5	0.07	1.92875e-22	-1.5708	1	2.28806e-17	1	2.28804e-17	1
3.5	0.12	2.15317e-13	0	0.999999	0	0.999999	0	1
3.5	0.17	1.1446e-09	0	0.999976	0	0.999976	0	1
3.5	0.22	1.23269e-07	0	0.999805	0	0.999805	0	1
3.5	0.27	2.34727e-06	0	0.999289	0	0.999291	0	1
3.5	0.32	1.78082e-05	0	0.998318	0	0.998336	0	1
3.5	0.37	7.81775e-05	0	0.996918	0	0.996997	0	1
3.5	0.42	0.000241415	0	0.995192	0	0.995434	0	1
3.5	0.47	0.000586582	0	0.993245	0	0.993832	0	1
3.5	0.52	0.00120141	0	0.991145	0	0.992346	0	1
3.5	0.57	0.00216897	0	0.988911	0	0.99108	0	1
3.5	0.62	0.00355765	0	0.986529	0	0.990087	0	1
3.5	0.67	0.00541567	0	0.983965	0	0.98938	0	1
3.5	0.72	0.00776964	0	0.981176	0	0.988946	0	1
3.5	0.77	0.0106259	0	0.978126	0	0.988752	0	1
3.5	0.82	0.0139738	0	0.974788	0	0.988761	0	1
3.5	0.87	0.0177887	0	0.971145	0	0.988934	0	1
3.5	0.92	0.0220366	0	0.967196	0	0.989233	0	1
3.5	0.97	0.0266766	0	0.962947	0	0.989623	0	1

3.6	0.02	6.71418e-79	0	1	-1.60391e-18	1	-1.60391e-18	1
3.6	0.07	4.62227e-23	-1.5708	1	9.64029e-17	1	9.64029e-17	1
3.6	0.12	9.35762e-14	0	1	0	1	0	1
3.6	0.17	6.35596e-10	0	0.999988	0	0.999988	0	1
3.6	0.22	7.8237e-08	0	0.999887	0	0.999887	0	1
3.6	0.27	1.62032e-06	0	0.99955	0	0.999552	0	1
3.6	0.32	1.30217e-05	0	0.998868	0	0.998881	0	1
3.6	0.37	5.9611e-05	0	0.997824	0	0.997884	0	1
3.6	0.42	0.00019004	0	0.996473	0	0.996663	0	1
3.6	0.47	0.000473487	0	0.994881	0	0.995355	0	1
3.6	0.52	0.00098969	0	0.993097	0	0.994087	0	1
3.6	0.57	0.00181712	0	0.991139	0	0.992956	0	1
3.6	0.62	0.00302333	0	0.988998	0	0.992021	0	1
3.6	0.67	0.00465902	0	0.986648	0	0.991307	0	1
3.6	0.72	0.00675575	0	0.98406	0	0.990815	0	1
3.6	0.77	0.00932639	0	0.981203	0	0.990529	0	1
3.6	0.82	0.0123673	0	0.978055	0	0.990423	0	1
3.6	0.87	0.0158614	0	0.974606	0	0.990467	0	1
3.6	0.92	0.0197811	0	0.970852	0	0.990633	0	1
3.6	0.97	0.0240919	0	0.9668	0	0.990891	0	1

3.7	0.02	4.52398e-81	-1.5708	1	6.64411e-18	1	6.64411e-18	1
3.7	0.07	1.10773e-23	1.5708	1	4.03026e-17	1	4.03026e-17	1
3.7	0.12	4.06681e-14	0	1	0	1	0	1
3.7	0.17	3.52948e-10	0	0.999994	0	0.999994	0	1
3.7	0.22	4.96575e-08	0	0.999934	0	0.999934	0	1
3.7	0.27	1.11861e-06	0	0.999714	0	0.999715	0	1
3.7	0.32	9.52344e-06	0	0.999235	0	0.999245	0	1
3.7	0.37	4.54658e-05	0	0.998461	0	0.998506	0	1
3.7	0.42	0.000149648	0	0.997408	0	0.997558	0	1
3.7	0.47	0.000382336	0	0.996116	0	0.996499	0	1
3.7	0.52	0.000815581	0	0.994615	0	0.995431	0	1
3.7	0.57	0.00152288	0	0.992916	0	0.994439	0	1
3.7	0.62	0.00257006	0	0.991012	0	0.993582	0	1
3.7	0.67	0.00400911	0	0.988883	0	0.992892	0	1
3.7	0.72	0.00587532	0	0.986503	0	0.992379	0	1
3.7	0.77	0.0081869	0	0.98385	0	0.992037	0	1
3.7	0.82	0.0109464	0	0.980905	0	0.991852	0	1
3.7	0.87	0.0141431	0	0.977659	0	0.991802	0	1
3.7	0.92	0.017756	0	0.974109	0	0.991865	0	1
3.7	0.97	0.021756	0	0.970264	0	0.99202	0	1

3.8	0.02	3.04823e-83	-1.19989e-16	1	8.40549e-19	1	8.40549e-19	1
3.8	0.07	2.65469e-24	-1.5708	1	8.84519e-18	1	8.84519e-18	1
3.8	0.12	1.76743e-14	0	1	0	1	0	1
3.8	0.17	1.95994e-10	0	0.999997	0	0.999997	0	1
3.8	0.22	3.15186e-08	0	0.999961	0	0.999961	0	1
3.8	0.27	7.72299e-07	0	0.999818	0	0.999819	0	1
3.8	0.32	6.96581e-06	0	0.999482	0	0.999489	0	1
3.8	0.37	3.46835e-05	0	0.998909	0	0.998943	0	1
3.8	0.42	0.000117868	0	0.998092	0	0.99821	0	1
3.8	0.47	0.000308815	0	0.99705	0	0.997358	0	1
3.8	0.52	0.000672291	0	0.995795	0	0.996468	0	1
3.8	0.57	0.00127663	0	0.994333	0	0.99561	0	1
3.8	0.62	0.00218528	0	0.992655	0	0.99484	0	1
3.8	0.67	0.00345058	0	0.990741	0	0.994192	0	1
3.8	0.72	0.00511046	0	0.988571	0	0.993682	0	1
3.8	0.77	0.00718743	0	0.986125	0	0.993313	0	1
3.8	0.82	0.00968934	0	0.983387	0	0.993077	0	1
3.8	0.87	0.0126112	0	0.980349	0	0.99296	0	1
3.8	0.92	0.0159376	0	0.977009	0	0.992947	0	1
3.8	0.97	0.0196451	0	0.973375	0	0.99302	0	1

3.9	0.02	2.05388e-85	1.5708	1	-1.22777e-17	1	-1.22777e-17	1
3.9	0.07	6.36199e-25	1.5708	1	-4.45278e-19	1	-4.45278e-19	1
3.9	0.12	7.6812e-15	0	1	0	1	0	1
3.9	0.17	1.08836e-10	0	0.999998	0	0.999998	0	1
3.9	0.22	2.00057e-08	0	0.999977	0	0.999977	0	1
3.9	0.27	5.33221e-07	0	0.999884	0	0.999884	0	1
3.9	0.32	5.09547e-06	0	0.999649	0	0.999654	0	1
3.9	0.37	2.64616e-05	0	0.999224	0	0.999251	0	1
3.9	0.42	9.28531e-05	0	0.998593	0	0.998686	0	1
3.9	0.47	0.000249482	0	0.997755	0	0.998005	0	1
3.9	0.52	0.000554295	0	0.996713	0	0.997267	0	1
3.9	0.57	0.00107043	0	0.995463	0	0.996534	0	1
3.9	0.62	0.00185847	0	0.993993	0	0.995852	0	1
3.9	0.67	0.00297036	0	0.992286	0	0.995256	0	1
3.9	0.72	0.00444576	0	0.99032	0	0.994766	0	1
3.9	0.77	0.00631056	0	0.988079	0	0.994389	0	1
3.9	0.82	0.00857706	0	0.985547	0	0.994124	0	1
3.9	0.87	0.0112453	0	0.982717	0	0.993963	0	1
3.9	0.92	0.0143051	0	0.979588	0	0.993893	0	1
3.9	0.97	0.0177377	0	0.976165	0	0.993903	0	1

4	0.02	1.3839e-87	0	1	9.73248e-18	1	9.73248e-18	1
4	0.07	1.52466e-25	1.5708	1	3.78867e-18	1	3.78867e-18	1
4	0.12	3.33824e-15	0	1	0	1	0	1
4	0.17	6.04375e-11	0	0.999999	0	0.999999	0	1
4	0.22	1.26982e-08	0	0.999987	0	0.999987	0	1
4	0.27	3.68163e-07	0	0.999925	0	0.999926	0	1
4	0.32	3.72752e-06	0	0.999761	0	0.999765	0	1
4	0.37	2.01905e-05	0	0.999447	0	0.999468	0	1
4	0.42	7.31561e-05	0	0.99896	0	0.999034	0	1
4	0.47	0.000201579	0	0.998289	0	0.998491	0	1
4	0.52	0.000457084	0	0.997427	0	0.997884	0	1
4	0.57	0.000897684	0	0.996364	0	0.997261	0	1
4	0.62	0.00158078	0	0.995084	0	0.996665	0	1
4	0.67	0.00255731	0	0.993569	0	0.996126	0	1
4	0.72	0.00386793	0	0.991798	0	0.995666	0	1
4	0.77	0.00554107	0	0.989755	0	0.995296	0	1
4	0.82	0.00759276	0	0.987425	0	0.995017	0	1
4	0.87	0.0100274	0	0.9848	0	0.994827	0	1
4	0.92	0.0128393	0	0.981879	0	0.994719	0	1
4	0.97	0.0160146	0	0.978667	0	0.994682	0	1

4.1	0.02	9.32462e-90	3.14159	1	1.19685e-17	1	1.19685e-17	1
4.1	0.07	3.65386e-26	-1.5708	1	6.55664e-18	1	6.55664e-18	1
4.1	0.12	1.45079e-15	0	1	0	1	0	1
4.1	0.17	3.35613e-11	0	1	0	1	0	1
4.1	0.22	8.05997e-09	0	0.999992	0	0.999992	0	1
4.1	0.27	2.54202e-07	0	0.999952	0	0.999952	0	1
4.1	0.32	2.72691e-06	0	0.999837	0	0.999839	0	1
4.1	0.37	1.54066e-05	0	0.999606	0	0.999621	0	1
4.1	0.42	5.76425e-05	0	0.99923	0	0.999288	0	1
4.1	0.47	0.000162892	0	0.998694	0	0.998857	0	1
4.1	0.52	0.000376968	0	0.997983	0	0.99836	0	1
4.1	0.57	0.000752911	0	0.997082	0	0.997835	0	1
4.1	0.62	0.00134474	0	0.995973	0	0.997318	0	1
4.1	0.67	0.00220194	0	0.994635	0	0.996836	0	1
4.1	0.72	0.00336548	0	0.993047	0	0.996412	0	1
4.1	0.77	0.0048657	0	0.991192	0	0.996058	0	1
4.1	0.82	0.00672162	0	0.989056	0	0.995778	0	1
4.1	0.87	0.00894137	0	0.986631	0	0.995572	0	1
4.1	0.92	0.0115234	0	0.983914	0	0.995437	0	1
4.1	0.97	0.0144579	0	0.980908	0	0.995366	0	1

4.2	0.02	6.28288e-92	1.5708	1	7.22562e-18	1	7.22562e-18	1
4.2	0.07	8.75651e-27	-3.14159	1	2.37827e-18	1	2.37827e-18	1
4.2	0.12	6.30512e-16	0	1	0	1	0	1
4.2	0.17	1.86368e-11	0	1	0	1	0	1
4.2	0.22	5.11594e-09	0	0.999995	0	0.999995	0	1
4.2	0.27	1.75518e-07	0	0.999969	0	0.999969	0	1
4.2	0.32	1.99495e-06	0	0.999888	0	0.99989	0	1
4.2	0.37	1.17566e-05	0	0.999718	0	0.99973	0	1
4.2	0.42	4.54217e-05	0	0.999429	0	0.999475	0	1
4.2	0.47	0.000131641	0	0.999001	0	0.999133	0	1
4.2	0.52	0.000310925	0	0.998417	0	0.998728	0	1
4.2	0.57	0.000631549	0	0.997656	0	0.998287	0	1
4.2	0.62	0.00114406	0	0.996698	0	0.997842	0	1
4.2	0.67	0.00189611	0	0.99552	0	0.997416	0	1
4.2	0.72	0.0029285	0	0.994102	0	0.997031	0	1
4.2	0.77	0.00427284	0	0.992425	0	0.996697	0	1
4.2	0.82	0.00595055	0	0.990473	0	0.996424	0	1
4.2	0.87	0.00797293	0	0.988239	0	0.996212	0	1
4.2	0.92	0.010342	0	0.985719	0	0.996061	0	1
4.2	0.97	0.0130518	0	0.982914	0	0.995966	0	1

4.3	0.02	4.23337e-94	3.14159	1	-2.54549e-18	1	-2.54549e-18	1
4.3	0.07	2.09851e-27	1.5708	1	5.15376e-19	1	5.15376e-19	1
4.3	0.12	2.74019e-16	0	1	0	1	0	1
4.3	0.17	1.03491e-11	0	1	0	1	0	1
4.3	0.22	3.24727e-09	0	0.999997	0	0.999997	0	1
4.3	0.27	1.2119e-07	0	0.99998	0	0.99998	0	1
4.3	0.32	1.45949e-06	0	0.999923	0	0.999925	0	1
4.3	0.37	8.97168e-06	0	0.999798	0	0.999807	0	1
4.3	0.42	3.57936e-05	0	0.999576	0	0.999612	0	1
4.3	0.47	0.000106392	0	0.999235	0	0.999342	0	1
4.3	0.52	0.00025647	0	0.998755	0	0.999012	0	1
4.3	0.57	0.00052979	0	0.998114	0	0.998644	0	1
4.3	0.62	0.000973402	0	0.997289	0	0.998262	0	1
4.3	0.67	0.00163286	0	0.996256	0	0.997889	0	1
4.3	0.72	0.00254839	0	0.994994	0	0.997542	0	1
4.3	0.77	0.00375235	0	0.993481	0	0.997234	0	1
4.3	0.82	0.005268	0	0.991704	0	0.996972	0	1
4.3	0.87	0.00710931	0	0.989652	0	0.996762	0	1
4.3	0.92	0.00928146	0	0.98732	0	0.996602	0	1
4.3	0.97	0.0117818	0	0.984709	0	0.996491	0	1

4.4	0.02	2.85242e-96	-1.5708	1	1.22164e-17	1	1.22164e-17	1
4.4	0.07	5.02909e-28	-1.5708	1	-1.05308e-17	1	-1.05308e-17	1
4.4	0.12	1.19088e-16	0	1	0	1	0	1
4.4	0.17	5.74694e-12	0	1	0	1	0	1
4.4	0.22	2.06116e-09	0	0.999998	0	0.999998	0	1
4.4	0.27	8.36785e-08	0	0.999987	0	0.999987	0	1
4.4	0.32	1.06776e-06	0	0.999947	0	0.999948	0	1
4.4	0.37	6.84659e-06	0	0.999855	0	0.999861	0	1
4.4	0.42	2.82073e-05	0	0.999684	0	0.999712	0	1
4.4	0.47	8.59894e-05	0	0.999413	0	0.999499	0	1
4.4	0.52	0.000211565	0	0.99902	0	0.999231	0	1
4.4	0.57	0.000444453	0	0.998481	0	0.998925	0	1
4.4	0.62	0.000828248	0	0.997772	0	0.9986	0	1
4.4	0.67	0.00140624	0	0.996868	0	0.998275	0	1
4.4	0.72	0.00221771	0	0.995747	0	0.997965	0	1
4.4	0.77	0.00329535	0	0.994388	0	0.997683	0	1
4.4	0.82	0.00466379	0	0.992773	0	0.997437	0	1
4.4	0.87	0.00633918	0	0.990893	0	0.997232	0	1
4.4	0.92	0.0083294	0	0.98874	0	0.99707	0	1
4.4	0.97	0.0106349	0	0.986314	0	0.996949	0	1

4.5	0.02	1.92195e-98	-1.5708	1	-8.51168e-18	1	-8.51168e-18	1
4.5	0.07	1.20523e-28	-3.14159	1	-2.43307e-17	1	-2.43307e-17	1
4.5	0.12	5.17556e-17	0	1	0	1	0	1
4.5	0.17	3.19131e-12	0	1	0	1	0	1
4.5	0.22	1.30829e-09	0	0.999999	0	0.999999	0	1
4.5	0.27	5.7778e-08	0	0.999992	0	0.999992	0	1
4.5	0.32	7.81176e-07	0	0.999964	0	0.999965	0	1
4.5	0.37	5.22494e-06	0	0.999895	0	0.999901	0	1
4.5	0.42	2.22294e-05	0	0.999764	0	0.999787	0	1
4.5	0.47	6.95019e-05	0	0.999549	0	0.999618	0	1
4.5	0.52	0.000174529	0	0.999227	0	0.999401	0	1
4.5	0.57	0.000372879	0	0.998774	0	0.999147	0	1
4.5	0.62	0.000704771	0	0.998167	0	0.998871	0	1
4.5	0.67	0.00121112	0	0.997378	0	0.998589	0	1
4.5	0.72	0.00193	0	0.996385	0	0.998315	0	1
4.5	0.77	0.00289406	0	0.995165	0	0.998059	0	1
4.5	0.82	0.0041289	0	0.993702	0	0.997831	0	1
4.5	0.87	0.00565241	0	0.991983	0	0.997635	0	1
4.5	0.92	0.00747478	0	0.99	0	0.997474	0	1
4.5	0.97	0.00959908	0	0.98775	0	0.997349	0	1

4.6	0.02	1.295e-100	-1.5708	1	-1.72151e-17	1	-1.72151e-17	1
4.6	0.07	2.88834e-29	-1.5708	1	1.56085e-17	1	1.56085e-17	1
4.6	0.12	2.24929e-17	0	1	0	1	0	1
4.6	0.17	1.77216e-12	0	1	0	1	0	1
4.6	0.22	8.30419e-10	0	0.999999	0	0.999999	0	1
4.6	0.27	3.98943e-08	0	0.999995	0	0.999995	0	1
4.6	0.32	5.71514e-07	0	0.999975	0	0.999976	0	1
4.6	0.37	3.98742e-06	0	0.999925	0	0.999929	0	1
4.6	0.42	1.75187e-05	0	0.999824	0	0.999841	0	1
4.6	0.47	5.61772e-05	0	0.999653	0	0.999709	0	1
4.6	0.52	0.000143981	0	0.999389	0	0.999533	0	1
4.6	0.57	0.000312843	0	0.99901	0	0.999323	0	1
4.6	0.62	0.000599723	0	0.99849	0	0.999089	0	1
4.6	0.67	0.0010431	0	0.997802	0	0.998846	0	1
4.6	0.72	0.00167966	0	0.996924	0	0.998604	0	1
4.6	0.77	0.00254168	0	0.995832	0	0.998374	0	1
4.6	0.82	0.00365536	0	0.994509	0	0.998164	0	1
4.6	0.87	0.00503997	0	0.99294	0	0.997979	0	1
4.6	0.92	0.00670765	0	0.991116	0	0.997824	0	1
4.6	0.97	0.00866379	0	0.989034	0	0.997698	0	1

4.7	0.02	8.72563e-103	0	1	1.24096e-18	1	1.24096e-18	1
4.7	0.07	6.92194e-30	-1.5708	1	7.74292e-18	1	7.74292e-18	1
4.7	0.12	9.77536e-18	0	1	0	1	0	1
4.7	0.17	9.8409e-13	0	1	0	1	0	1
4.7	0.22	5.27097e-10	0	1	0	1	0	1
4.7	0.27	2.75461e-08	0	0.999996	0	0.999996	0	1
4.7	0.32	4.18126e-07	0	0.999983	0	0.999983	0	1
4.7	0.37	3.04304e-06	0	0.999945	0	0.999949	0	1
4.7	0.42	1.38065e-05	0	0.999868	0	0.999882	0	1
4.7	0.47	4.5408e-05	0	0.999732	0	0.999778	0	1
4.7	0.52	0.000118783	0	0.999517	0	0.999636	0	1
4.7	0.57	0.000262479	0	0.999199	0	0.999462	0	1
4.7	0.62	0.000510347	0	0.998754	0	0.999265	0	1
4.7	0.67	0.000898417	0	0.998156	0	0.999055	0	1
4.7	0.72	0.00146181	0	0.997381	0	0.998843	0	1
4.7	0.77	0.00223222	0	0.996405	0	0.998637	0	1
4.7	0.82	0.00323613	0	0.99521	0	0.998446	0	1
4.7	0.87	0.00449382	0	0.99378	0	0.998274	0	1
4.7	0.92	0.00601907	0	0.992106	0	0.998125	0	1
4.7	0.97	0.00781929	0	0.990182	0	0.998001	0	1

4.8	0.02	5.87928e-105	-1.5708	1	7.54593e-20	1	7.54593e-20	1
4.8	0.07	1.65885e-30	1.5708	1	-6.04692e-18	1	-6.04692e-18	1
4.8	0.12	4.24835e-18	0	1	0	1	0	1
4.8	0.17	5.46472e-13	0	1	0	1	0	1
4.8	0.22	3.34568e-10	0	1	0	1	0	1
4.8	0.27	1.902e-08	0	0.999998	0	0.999998	0	1
4.8	0.32	3.05906e-07	0	0.999988	0	0.999988	0	1
4.8	0.37	2.32233e-06	0	0.999961	0	0.999963	0	1
4.8	0.42	1.0881e-05	0	0.999901	0	0.999912	0	1
4.8	0.47	3.67037e-05	0	0.999793	0	0.99983	0	1
4.8	0.52	9.79962e-05	0	0.999617	0	0.999715	0	1
4.8	0.57	0.000220229	0	0.999351	0	0.999572	0	1
4.8	0.62	0.0004343	0	0.998971	0	0.999406	0	1
4.8	0.67	0.000773816	0	0.998452	0	0.999225	0	1
4.8	0.72	0.00127224	0	0.997768	0	0.99904	0	1
4.8	0.77	0.00196046	0	0.996897	0	0.998857	0	1
4.8	0.82	0.00286496	0	0.995819	0	0.998684	0	1
4.8	0.87	0.0040068	0	0.994518	0	0.998525	0	1
4.8	0.92	0.00540104	0	0.992984	0	0.998385	0	1
4.8	0.97	0.00705682	0	0.991208	0	0.998265	0	1

4.9	0.02	3.96143e-107	0	1	-3.65267e-18	1	-3.65267e-18	1
4.9	0.07	3.97545e-31	3.14159	1	-4.13698e-18	1	-4.13698e-18	1
4.9	0.12	1.84633e-18	0	1	0	1	0	1
4.9	0.17	3.03459e-13	0	1	0	1	0	1
4.9	0.22	2.12362e-10	0	1	0	1	0	1
4.9	0.27	1.31329e-08	0	0.999998	0	0.999999	0	1
4.9	0.32	2.23805e-07	0	0.999992	0	0.999992	0	1
4.9	0.37	1.77233e-06	0	0.999971	0	0.999973	0	1
4.9	0.42	8.57543e-06	0	0.999926	0	0.999934	0	1
4.9	0.47	2.96683e-05	0	0.99984	0	0.99987	0	1
4.9	0.52	8.08484e-05	0	0.999696	0	0.999777	0	1
4.9	0.57	0.000184782	0	0.999474	0	0.999659	0	1
4.9	0.62	0.000369591	0	0.999149	0	0.999519	0	1
4.9	0.67	0.000666505	0	0.998698	0	0.999365	0	1
4.9	0.72	0.00110726	0	0.998096	0	0.999203	0	1
4.9	0.77	0.00172178	0	0.99732	0	0.999042	0	1
4.9	0.82	0.00253636	0	0.996349	0	0.998885	0	1
4.9	0.87	0.0035725	0	0.995167	0	0.99874	0	1
4.9	0.92	0.00484634	0	0.993762	0	0.998609	0	1
4.9	0.97	0.00636845	0	0.992125	0	0.998494	0	1

